custid,debtinc,creddebt,othdebt,preloan
1,12.34,13.26,5.88,2
2,18.65,2.12,5.13,1
3,7.22,3.31,3.65,1
4,6.15,2.95,2.34,1
5,20.64,2.67,4.07,2
6,12.44,3.06,2.57,2
7,34.21,6.51,17.62,2
8,8.27,2.38,3.09,1
9,26.67,3.41,4.22,2
10,19.81,2.81,4.06,2
11,3.05,1.58,1.22,11
12,6.01,2.82,1.44,1
13,13.65,4.03,3.57,2
14,20.99,3.69,3.88,2
15,13.26,4.32,5.81,2
16,8.65,2.51,3.97,1
17,20.64,5.34, ,2
18,12.24,1.73,5.32,2
19,10.55,1.83,3.02,2
20,2.79,2.04,1.77,1
21,3.82,1.53,0.83,2
22,10.28,0.95,3.14,2
22,,0.06,0.12,
23,11.82,1.47,2.89,2
24,13.55,2.58,2.69,1
25,20.33,1.45,3.21,2
26,20.98,3.99,4.31,1
27,7.6,3.18,5.41,2
28,18.31,2.09,11.56,2
29,23.23,6.01,8.52,2
30,18.37,2.96,6.08,2
31,5.13,1.24,1.99,2
32,15.04,3.93,3.15,1
33,10.21,2.96,0.93,2
34,16.79,1.96,4.24,1
35,3.96,2.12,2.79,1
36,26.53,6.61,7,2
37,20.94,2.89,2.46,2
38,15.59,5.75,5.74,2
39,20.79,3.66,4.64,2
40,4.32,2.39,3.42,2
41,10.28,1.99,3.4,2
42,9.92,4.47,3.11,2
43,8.38,1.52,2.69,1
44,13.42,2.6,5.11,2
45,11.66,2.36,1.17,1
46,9.75,0.24,1.13,2
47,6.26,2.43,1.94,2
48,11.01,0.54,3.88,2
49,15.42,1.94,2.63,1
50,9.39,0.47,4.13,1
51,16.59,1.56,3.93,2
52,17.24,1.2,3.87,2
53,13.66,3.23,4.54,2
54,8.21,2.93,0.87,1
55,13.43,0.71,3.95,2
56,20.08,2.33,2.7,1
57,8.98,0.79,1.82,1
58,7.33,2.43,1.44,1
59,6.95,3.92,1.72,1
60,17.16,5.14,7.78,1
61,3.5,1.28,1.88,1
62,11.54,4.29,2.31,2
63,16.87,3.33,3.96,2
64,7.78,4.59,3.01,1
65,11.99,3.47,2.39,1
66,25.42,10.01,11.38,1
67,10.58,1.87,1.58,2
68,10.49,4.21,3.42,2
69,12.82,4.08,2.09,1
70,22.5,2.35,3.26,2
71,24.7,4.2,5.08,2
72,25.18,5.79,6.22,2
73,15.67,4.67,10.2,1
73,0.66,0.51,0.04, 
74,12.15,1.54,1.32,2
75,2.78,2.61,2.01,1
76,24.32,6.66,9.91,2
77,4.58,1.93,1.04,2
78,6.83,0.66,1.91,1
79,2.83,1.43,2.75,2
80,8.03,1.44,1.99,2
81,13.38,4.63,1.77,1
82,19.25,3.02,6.57,2
83,21.9,4.65,3.77,1
84,14.36,4.49,2.43,2
85,5.84,1.85,0.83,2
86,21.98,3.73,6.9,1
87,13.24,5.54,1.54,2
88,28.82,3.07,7.65,1
89,4.35,0.96,0.78,1
90,28.25,4.69,3.19,2
91,10.75,1.6,2.79,2
92,14.94,2.9,1.43,1
93,11.18,3.6,5.69,1
94,9.01,2.04,0.99,1
95,27.61,2.26,1.99,1
96,6.63,1.33,2.8,2
97,5.15,2.44,2.55,2
98,12.09,3.64,3.87,1
99,10.27,2.55,1.74,1
100,13.49,1.42,1.74,1
101,3.7,2.63,2.89,2
102,10.33,1.9,3.29,1
103,10.49,3.68,1.84,2
104,5.91,3.4,2.43,1
105,24.12,11.49,8.89,2
106,4.97,2.68,2,2
107,14.56,2.61,3.87,1
108,17.71,2.67,2.73,1
109,9.14,1.96,3.77,2
110,12.25,1.69,4.14,2
111,7.84,1.37,2.25,2
112,11.15,3.08,4.37,1
113,11.59,2.77,2.23,1
114,25.07,4.46,9.4,1
115,11.91,2.23,3.83,1
116,5.96,1.71,2.56,1
117,10.35,2.79,2.03,1
118,4.39,2.45,2.54,1
119,16.26,2.59,4.35,2
120,11.63,2.12,1.99,2
121,10.82,4.18,2.42,1
122,10.88,3.15,1.44,2
123,36.97,2.25,7.81,1
124,14.17,2.02,3.08,2
125,6.01,1.67,2.39,2
126,5.16,1.59,1.56,1
127,14.19,3.29,8.85,1
128,2.94,1.3,0.96,1
129,13.35,1.77,3.51,2
130,9.83,3.05,2.67,1
131,6.15,2.87,0.5,2
132,17.64,1.56,2.49,1
133,21.32,3.12,6.3,2
134,16.86,3.41,6.07,1
135,7.18,1.34,2.39,2
136,6.3,0.71,2.39,2
137,14.97,2.36,4.55,1
138,10.87,2.6,1.15,2
139,7.84,0.7,3.08,1
140,10.75,3.93,1.97,1
141,16.71,1.95,3.41,2
142,19.08,4.36,6.79,1
143,4.56,2.06,4.95,2
144,9.41,2.76,2.58,2
145,8.69,2.76,4.97,1
146,7.56,0.7,2.72,1
147,15.9,3.05,2.97,1
148,11.45,3.02,0.85,2
149,11.88,1.83,2.55,1
150,8.92,2.49,2.97,1
151,18.72,3.17,9.31,1
152,6.89,2.28,4.34,2
153,20.18,1.52,3.74,1
154,7.94,1.62,2.51,1
155,13.76,2.76,4.46,1
156,23.99,4.72,5.17,1
157,14.14,4.64,3.37,1
158,15.96,2.59,3.62,2
159,15.42,2.47,4.5,2
160,4.92,0.65,2.8,1
161,12,3.79,2.05,1
162,10.96,2.92,3.34,1
163,8.77,0.54,1.52,1
164,5.52,0.56, ,1
165,15.68,2.81,3.07,2
166,23.11,7.2,14.41,1
167,17.11,3.58,3.59,1
168,10.55,3.77,3.23,1
169,2.21,2.4,0.91,1
170,8.88,2.17,1.87,2
171,11.86,3.27,2.27,2
172,12.11,2.53,2.89,1
173,7.13,2.55,1.88,2
174,10.49,5.33,4.28,1
175,8.17,2.4,2.54,1
176,11.57,2.4,2.6,2
177,18.7,0.18,2.96,2
178,8.38,2.13,2.17,1
179,12.32,2.67,2.21,1
180,26.09,2.17,7,1
181,5.03,0.58,3.66,1
182,6.42,1.89,3.02,2
183,5.08,2.57,3.05,2
184,9.77,2.93,2.7,1
185,26.01,1.73,7.36,1
186,10.69,2.05,1.22,1
187,16.25,3.36,4.96,1
188,18.89,7.24,5.22,1
189,10.74,0.43,2.58,1
190,18.3,5.7,9.72,1
191,15.8,3.82,2.94,1
192,14.56,1.23,2.45,2
193,14.1,2.81,3.46,2
194,3.12,2.65,0.51,1
195,7.78,0.36,4.17,2
196,4.42,0.74,2.58,1
197,6.56,0.63,1.16,2
198,7.17,2.08,1.73,1
199,8.5,0.7,4.03,1
200,23.76,3.81,4.22,2
201,4.18,0.38,2.32,2
202,9.04,3.17,5.6,2
203,10.11,2.67,4.93,1
204,12.94,2.63,4.51,2
205,8.91,2.37,4.79,2
206,8.73,5.29,6.08,1
207,7.31,1.45,1.42,1
208,2.1,1.76,1.92,1
209,7.28,2.99,4.43,2
210,6.37,1.17,1.05,2
211,14.96,1.61,13.71,1
212,11.52,2.78,3.31,2
213,8.75,2.9,2.52,2
214,9.75,2.54,1.93,1
215,14.51,4.52,4.87,2
216,9.96,1.79,2.38,1
217,13.19,3.79,3.7,1
218,16.34,4.17,16.15,1
219,7.04,1.79,2.32,2
220,9.37,3.96,5.05,1
221,2.72,0.52,1.43,1
222,13.57,2.9,2.95,1
223,14.85,4.8,11.15,1
224,21.39,6.11,12.05,1
225,22.3,4.26,8.46,1
226,10.43,2.18,2.75,2
227,20.43,4.65,6.23,2
228,4.28,3.65,0.6,1
229,6.5,0.29,1.11,2
230,16.39,2.74,2.67,1
231,16.78,1.82,7.74,2
232,11.11,1.12,3.94,2
233,4.74,0.78,1.57,1
234,7.48,1.24,2.54,1
235,2.67,2.68,0.37,1
236,9.83,1.61,0.94,1
237,11.6,1.82,3.05,2
238,13.98,2.44,1.81,2
239,7.18,1.41,3.67,2
240,21.19,4.78,6.21,1
241,19.27,3.45,3.5,1
242,14.48,2.1,2.51,1
243,6.31,2.29,1.95,1
244,18.86,11.97,9.29,1
245,15.48,3.35,5.05,2
246,25.22,3.96,6.43,2
247,3.71,0.45,2.49,1
248,19,1.68,2.85,2
249,22.7,1.47,6.6,2
250,15.03,5.7,9.87,1
251,13.85,5.63,14.46,2
252,25.99,3.71,9.27,2
253,6.7,1.46,2.45,2
254,11.95,1.37,3.24,1
255,10.06,1.98,3.39,1
256,11.54,4.25,7.05,2
257,7.42,2.68,2.02,1
258,13.46,4.08,4.69,2
259,7.2,4.28,1.33,1
260,13.64,0.97,3.43,1
261,26.32,2.43,6.44,2
262,10.01,2.2,3.84,1
263,13.64,2.62,2.41,2
264,22.64,2.6,4.81,2
265,6.82,3.01,3.22,1
266,9.51,2.4,2.21,2
267,8.5,1.38,2.12,1
268,18.75,3.69,5.93,1
269,19.73,3.83,2.72,2
270,8.08,2.45,2,2
271,11.11,6.26,6.31,2
272,5.19,1.66,1.47,1
273,13.04,2.61,2.47,1
274,21.86,0.73,9.26,2
275,11.13,2.66,2.07,1
276,13.67,1.19,3.6,1
277,15.21,3.34,3.18,2
278,4.15,2.42,2.35,1
279,7.31,0.59,0.99,1
280,11.98,2.76,3.02,1
281,7.08,1.87,1.71,1
282,27.48,6.76,6.14,1
283,14.88,1.68,6.08,2
284,11.32,1.49,2.93,1
285,16.51,1.18,3.69,1
286,12.38,3.34,3.56,2
287,10.46,2.38,2.79,1
288,26.47,2.56,4.36,1
289,3.6,2.02,2.4,1
290,8.39,2.54,3.31,2
291,5.93,2.96,1.61,1
292,6.35,2.18,3.24,2
293,7.5,2.9,4.38,2
294,3.43,1.17,1.8,2
295,13.22,3.67,2,1
296,7.84,2.1,2.55,2
297,10.6,3.24,2.25,2
298,19.59,5.04,1.98,1
299,5.04,3.43,2.75,1
300,5.69,1.01,0.58,1
301,29.93,22.49,13.37,2
302,13.5,3.03,5.29,2
303,8.25,2.34,4.79,2
304,5.94,2.26,1.3,1
305,9.27,2.94,4.21,2
306,1.38,0.93,0.2,2
307,16.18,0.75,7.23,1
308,23.96,2.19,10.98,2
309,10.98,2.91,0.87,2
310,14,3.17,3.28,2
311,28.56,10.14,8.48,2
312,12.47,6.52,2.15,2
313,16.72,0.86,2.47,1
314,15.9,1.11,4.22,2
315,13.36,3.07,2.59,2
316,18.03,1.71,3.57,2
317,20.18,4.73,7.79,2
318,10.88,2.8,1.93,1
319,7.23,2.38,2.16,2
320,4.61,1.76,1,2
321,8,0.56,2.67,1
322,14.14,1.47,6.41,1
323,2.96,1.29,2.1,2
324,9.86,3.44,1.36,2
325,16.89,4.45,4.63,1
326,29.37,15.07,18,2
327,17.48,4.86,14.24,1
328,5.27,2.99,1.87,2
329,11.77,2.15,3.59,1
330,15.26,1.57,3.05,2
331,5.13,0.88,0.93,1
332,6.01,2.2,2.39,2
333,7.38,3.26,2.05,1
334,13.32,3.42,3.92,2
335,14.59,5.53,7.94,2
336,6.77,0.14,2.55,1
337,19.9,3.23,4.31,2
338,10.26,3.3,4.36,2
339,24.24,6.78,5.43,2
340,15.38,1.78,5.1,1
341,15.35,4.29,3.35,2
342,7.41,2.27,1.54,1
343,8.01,1.84,2.89,2
344,16.03,9.71,27.41,1
345,16.07,5.05,6.57,1
346,18.41,1.24,3.03,1
347,6.41,2.94,1.65,1
348,11.66,3.44,3.3,1
349,5.26,1.56,1.98,2
350,7.16,2,2.44,2
351,0.78,1.68,2.14,2
352,21.68,3.51,3.9,1
353,3.96,1.72,1.18,1
354,10.11,3.01,5.41,1
355,16.81,9.48,6.45,2
356,18,0.85,8.61,2
357,26.79,2.88,5.15,1
358,19.67,3.04,2.84,1
359,25.47,4.78,9.95,1
360,8.62,1.78,0.48,1
361,5.26,2.34,1.31,2
362,4.3,0.64,0.91,1
363,21.04,1.49,2.76,2
364,9.28,2.64,3.48,2
365,14.01,3.43,1.68,2
366,2.18,0.72,1.72,2
367,8.2,1.79,1.72,1
368,2.95,2.72,2.26,1
369,12.15,7.79,4,1
370,6.98,1.14,2.62,1
371,13.17,1.89,4.44,1
372,12.74,1.03,1.86,1
373,3.43,1.45,2.12,1
374,42.17,16.97,15.31,1
375,3.43,0.52,2.07,2
376,6.42,0.91,1.08,1
377,8.56,3.12,1.63,1
378,5.62,2,1.42,2
379,7.3,3.27,2.9,2
380,2.84,1.06,0.9,2
381,11.58,3.61,3.59,1
382,33.91,8.19,10.09,1
383,18.44,6.96,5.05,1
384,4.55,2.48,2.39,2
385,12.68,3.21,6.47,2
386,24.3,3.33,6,2
387,7.54,3.1,2.49,2
388,3.46,0.64,3.97,2
389,6.24,2.33,2.01,2
390,8.48,3.11,2.88,1
391,8.06,2.24,4.23,1
392,9.59,1.6,1.04,1
393,3.31,0.93,1.68,1
394,19.53,9.56,6.97,2
394,1.01,0.04,0.1,
395,21.44,3.07,8.88,2
396,15.15,1.65,4.1,1
397,19.62,4.04,5.19,1
398,12.67,4.37,2.3,1
399,13.53,3.68,1.39,2
400,12.48,2.76,2.5,1
401,11.61,1.39,2.91,1
402,4.33,2.09,1.94,2
403,11.13,1.93,3.85,1
404,31.6,4.19,16.29,1
405,15.74,5.02,3.25,2
406,13.84,1.69,7.56,2
407,11.01,3.63,1.73,2
408,8.89,2.84,5.14,1
409,5.76,1.24,2.18,2
410,9.21,0.47,3.07,2
411,3.29,3.01,2.15,1
412,14.77,2.4,10.13,1
413,8.84,4.77,2.91,1
414,14.23,4.51,2.62,2
415,23.64,2.45,4.88,2
416,8.78,2.95,3.99,2
417,6.23,2.87,2.58,2
418,7.19,1.31,2.14,1
419,26.84,6.89,9.7,1
420,34.04,5.25,12.56,1
421,16.6,2.12,3.25,1
422,7.63,0.66,5.05,1
423,7.55,1.41,0.94,1
424,3.25,2.73,2.22,2
425,20.19,1.92,6.82,2
426,3.81,0.53,1.6,1
427,3.08,0.57,1.09,2
428,1.52,2.37,1.21,2
429,5.85,0.82,2.92,2
430,23.71,9.37,9.24,2
431,28.45,9.63,10.21,2
432,8.87,2.4,2.87,1
433,8.08,0.94,3.71,1
434,16.98,2.02,3.62,2
435,20.46,5.35,7.25,1
436,7.38,2.82,3.32,1
437,1.78,0.56,1.37,1
438,6.91,6.22,8.46,2
439,5.09,3.05,1.4,1
440,5.76,2.27,1.27,2
441,19.25,5.76,10.51,2
442,13.14,2.01,2.53,1
443,20.22,4.11,13,2
444,29.69,3.51,3.41,2
445,7.53,16.08,13.84,2
446,19.22,7.33,5.34,2
447,8.18,2.07,1.45,1
448,13.37,3.71,2.54,2
449,16.92,4.22,4.12,2
450,16.9,2.87,2.72,2
451,4.69,4.12,5.5,2
452,12.68,0.98,2.61,2
453,14.22,2.62,4.46,1
454,8.6,2.46,2.76,2
455,19.84,5.31,3.11,2
456,12.86,2.1,2.72,2
457,8.97,1.67,10.58,2
458,19.95,3.19,2.31,2
459,18.83,3.98,2.19,2
460,5.25,2.47,2.29,1
461,6.49,3.06,1.22,2
462,12.83,2.78,2.99,2
463,5.13,1.01,1.98,1
464,7.01,3.36,1.59,1
465,23.78,5.6,4.29,2
466,25.97,2.51,3.89,1
467,18.23,16.04,23.25,2
468,6.76,3.22,2.11,1
469,19.42,2.5,10.89,1
470,6.59,1.55,1.31,2
471,22.4,1.48,3.73,2
472,8.2,1.72,2.08,2
473,12.32,2.73,3.72,2
474,6.27,2.95,0.94,2
475,6.32,2.77,2.98,2
476,11.95,1.18,5.43,2
477,17.16,0.47,3.39,1
478,14.23,2.16,3.82,1
479,14.4,1.47,20.17,2
480,18.54,5.43,6.8,2
481,9.96,1.65,2.75,1
482,9.73,3.1,1.84,1
483,8.25,1.89,3.49,2
484,7.73,1.76,1.48,1
485,11.06,5.69,7.96,1
486,8.1,1.04,2.22,2
487,5.71,1.69,2.38,1
488,25.83,6.23,6.08,1
489,17.28,4.4,1.81,2
490,1.7,0.94,1.58,2
491,8.01,1.98,2.33,2
492,28.51,2.72,22.43,1
493,35.7,3.73,9,2
494,16.08,7.69,5.04,2
495,18.89,3.58,3.18,2
496,11.41,3.81,2.62,2
497,9.33,5.73,5.92,1
498,14.74,1.94,11.47,1
499,23.23,0.64,4.41,2
500,20.6,6.42,4.17,1
501,8.7,1.75,2.19,2
502,17.76,2.09,5.87,2
503,11.29,3.23,12.54,1
504,18.42,3.69,3.91,2
505,20.4,3.07,2.65,2
506,24.66,3.05,5.25,2
507,5.48,2.51,4.68,2
508,4.49,1.6,0.75,2
509,17.81,3.07,2.37,1
510,8.46,3.64,6.45,2
511,19.46,5.07,2.47,1
512,10.39,1.53,5.19,2
513,6.3,2.83,1.29,2
514,9.02,3.3,1.44,1
515,8.89,2.16,4.89,1
516,15.5,2.86,8.62,2
517,14.65,4.1,7.41,1
518,5.99,2.91,2.46,2
519,5.85,0.56,1.55,1
520,3.58,0.56,1.49,2
521,17.48,2.04,6.31,2
522,7.69,1.48,2.83,2
523,8.45,1.59,2.01,2
524,7.62,2.68,2.08,2
525,10.41,1.85,1.38,2
526,9.05,3.11,2.31,2
527,8.12,1.34,4.03,2
528,14.1,1.69,3.42,1
529,10.67,6.21,16.41,1
530,25.77,4.82,2.54,2
531,13.68,4.21,3.91,2
532,18.63,3.57,3.3,2
533,18.36,2.45,4.66,2
534,12.79,0.28,3.32,1
535,13.4,3.13,1.74,1
536,16.24,4.03,5.41,1
537,3.44,1.6,1.4,1
538,19.51,3.75,5.94,2
539,12.99,2.66,5.09,1
540,17.47,3.68,2.39,2
541,8.45,2.25,4.04,1
542,7.04,1.61,2.27,2
543,22.62,3.59,10.88,1
544,31.68,0.96,5.28,1
545,9.26,2.24,1.26,1
546,11,1.13,4.46,1
547,14.21,2.53,7.72,2
548,21.25,5.05,18.84,1
549,22.63,0.63,5.89,1
550,29.72,7.46,17.94,2
551,6.76,2.14,2.29,1
552,12.31,0.98,3.27,2
553,21.57,7.93,7.42,2
554,10.57,3.15,3.98,1
555,7.46,3.63,2.09,2
556,7.66,0.47,2.06,2
557,2.67,1.75,2.18,1
558,9.68,8.8,11.11,1
559,2.9,0.7,0.77,2
560,18.13,6.67,5.25,2
561,6.69,0.41,1.42,2
562,7.61,2.86,0.71,1
563,7.28,2.1,4.55,1
564,1.81,3.21,2.27,1
565,14.16,8.47,4.57,1
566,18.14,5.09,6.56,1
567,9.28,1.15,3.95,1
568,8.19,2.82,1.45,2
569,24.79,5.12,7.23,2
570,12.47,5.23,6.87,1
571,16.43,4.17,2.43,1
572,6.09,2.5,1.27,1
573,17.02,2.36,13.55,2
574,11.84,2.25,3,1
575,28.47,5.84,2.57,2
576,14.3,1.44,2.73,1
577,7.1,0.58,1.8,1
578,9.38,0.34,6.53,1
579,9.2,1.61,3.14,1
580,14.9,0.87,3.32,2
581,7.38,2.67,1.79,2
582,7.37,1.2,1.1,1
583,10.16,4.48,3.01,1
584,37.19,10.31,11.47,1
585,33.67,4.27,3.31,2
586,6.72,2.01,1.56,2
587,8.81,2.21,3.48,1
588,19.26,3.84,7.66,1
589,10.33,3.18,3.23,2
590,6.11,3.36,1.35,2
591,16.36,5.93,2.62,2
592,10.37,1.03,2.41,2
593,17.66,1.34,4.52,1
594,13.8,2.15,2.62,1
595,18.18,3.63,2.72,1
596,6.86,0.9,2.31,1
597,11.18,0.79,4.5,1
598,18.17,3.36,1.74,1
599,11.28,1.86,2.92,2
600,25.17,7.5,6.32,2
601,6.45,2.71,3.58,2
602,15.75,7.18,5.25,1
603,8.68,5.67,3.97,2
604,8.9,0.82,2.48,1
605,26.3,2.79,5.26,2
606,9.68,4.54,9.82,1
607,27.11,2,4.51,1
608,6.58,1.67,1.41,2
609,7.96,1.48,2.65,2
610,5.66,2.51,1.6,1
611,22.76,2.62,5.3,2
612,14.49,2.51,3.65,1
613,16.83,2.59,8.07,2
614,4.83,2,3.87,1
615,11.14,2.76,3.04,1
616,7.15,1.55,3.48,1
617,7.09,0.33,2.63,1
618,10.03,3.25,1.5,2
619,13.1,4,2.09,2
620,19.01,6.27,5.63,1
621,11.24,1.24,2.17,2
622,10.37,1.58,3.12,1
623,7.79,5.45,6.87,2
624,10.07,2.1,3.7,1
625,6.77,3.99,2.16,1
626,4.23,4.36,6.23,1
627,14.34,3.06,2.4,2
628,8.57,2.49,2.87,1
629,20.62,3.32,4.23,1
630,23.55,3.78,3.95,2
631,10.71,3.47,4.47,2
632,15.12,8.12,10.48,1
633,26.13,16.06,18.83,1
634,10.13,2.94,0.76,1
635,8.92,1.16,4.62,1
636,15.83,5.17,8.05,1
637,14.09,4.01,2.82,1
638,32.59,4.99,10.56,1
639,8.35,1.13,1.61,2
640,14.73,4.16,3.82,2
641,8.3,2.86,0.83,2
642,6.74,3.72,3.03,2
643,12.79,4.06,2.33,2
644,4.62,2.68,1.28,1
645,15.8,4.89,4.21,1
646,6.96,2.2,1.05,2
647,7.13,2.77,2.22,2
648,5.8,1.46,2.01,2
649,3.09,1.92,0.37,1
650,20.56,4.4,3.52,2
651,10.51,3.51,2.25,1
652,18.36,3.21,1.51,2
653,11.63,1.11,3.08,2
654,11.43,1.81,2.38,2
655,35.1,3,10.07,1
656,3.81,3.15,2.03,1
657,9.27,2.55,1.43,1
658,10.99,1.34,6.43,2
659,16.18,1.21,3.31,1
660,15.95,4.29,6.41,2
661,10.91,0.22,3.64,1
662,4.65,2.58,0.68,2
663,5.37,2.96,1.53,2
664,10.2,3.9,3.09,2
665,12.25,6.69,4.38,2
666,6.2,4.02,3.89,2
667,17.41,4.12,12.37,2
668,4.36,2.56,0.83,2
669,6.47,0.85,2.66,1
670,17.42,3.84,5.3,2
671,7.55,1.46,1.36,1
672,17.39,2.99,2.67,2
673,4.57,0.48,1.95,1
674,13.04,3.72,2.93,1
675,5.28,2.95,2.16,1
676,8.29,4.23,4.68,2
677,14.91,1.77,6.17,2
678,3.93,2.62,1.7,2
679,11.39,1.4,5.26,2
680,6.09,2.4,1.39,1
681,28.15,2.7,8.98,1
682,12.57,0.8,2.13,2
683,16.16,2.79,3.32,2
684,9.53,2.09,2.57,1
685,15.47,2.39,4.73,2
686,19.03,4.13,6.04,1
687,8.95,1.55,1.59,2
688,10.69,4.09,1.91,2
689,12.94,2.44,6.37,2
690,11.01,2.5,2.61,1
691,10.97,2.43,2.53,1
692,8.99,12.09,10.83,1
693,30.37,3.66,5.76,1
694,6.82,2.03,1.53,2
695,12.76,4.92,6.57,2
696,6.3,1.6,1.61,2
697,15.2,0.96,3.23,2
698,12.27,3.15,2.98,2
699,10.9,2.49,5.79,2
700,18.73,5.65,3.79,1
701,9.34,13.43,6.44,2
702,21.75,4.25,4.78,2
703,6.45,1.76,2.93,2
704,4.49,3.52,1.56,2
705,21.12,2.21,3.33,1
706,13.04,1.52,2.35,2
707,34.02,5.01,18.12,2
708,5.4,2.34,1.85,2
709,24.88,2.45,3.79,2
710,24.03,4.73,2.73,1
711,2.08,1.71,0.74,2
712,7.44,1.2,2.13,1
713,10.83,5.72,4.17,1
714,17.39,3.77,3.56,2
715,13.52,5.74,7.21,2
716,9.53,3.45,4.37,1
717,20.32,3.08,5.27,2
718,10.37,3.75,5.61,1
719,10.36,1.34,4.69,1
720,3.2,2.13,1.63,1
721,4.97,3.96,1.2,2
722,9.39,3.37,2.93,1
723,10.61,2.22,4.07,1
724,13.22,3.32,3.73,2
725,21.89,2.94,3.49,1
726,21.68,4.4,5.1,1
727,7.36,2.43,3.98,1
728,17.48,3.14,11.24,1
729,19.39,4.59,9.59,1
730,14.48,1.88,7.03,1
731,2.47,2.48,1.31,1
732,13.13,2.29,1.47,2
733,7.13,2.34,1.63,1
734,16.63,4.01,3.66,2
735,7.75,0.28,2.39,2
736,26.87,7.59,5.71,1
737,19.78,3.21,3.83,2
738,16.49,3.22,6.05,2
739,19.06,2.03,4.43,1
740,7.3,2.08,2.51,2
741,7.49,1.79,2.69,1
742,8.29,3.88,3.99,1
743,7.1,1.95,2.64,1
744,13.64,4.46,4.39,1
745,7.91,1.22,1.57,1
746,11.69,3.12,2.77,1
747,7.94,2.2,2,1
748,12.37,0.62,3,2
749,12.5,1.71,3.19,2
750,9.37,2.3,3.18,2
751,16.53,2.58,3.95,1
752,18.51,1.37,2.96,2
753,13.96,5.42,5.47,1
754,4.33,3.25,2.22,2
755,12.6,1.32,2.5,1
756,19.66,2.24,3.2,1
757,8.62,2.03,2.13,1
758,5.82,3.02,1.6,1
759,4.72,2.61,2.86,2
760,16.06,5.24,8.64,1
761,5.17,1.14,1.59,1
762,9.28,2.74,2.06,1
763,12.67,1.33,2.65,1
764,9.26,2.26,1.7,1
765,8.94,4.01,1.97,1
766,24.76,9.08,10.49,2
767,10.98,2.18,1.6,2
768,11.89,4.74,3.14,1
769,8.89,3.62,1.29,2
770,22.91,0.63,3.54,1
771,24.73,3.48,3.69,2
772,26.91,4.94,5.92,1
773,13.39,6.71,10.07,2
774,11.32,3.44,2.93,2
775,6.49,1.19,0.9,2
776,27.6,6.45,9.6,2
777,3.7,0.99,0.8,2
778,8.05,1.08,2.97,2
779,5.19,3.09,2.46,1
780,6.44,2.29,2.43,1
781,12.21,3.53,2.22,1
782,21.47,5.43,5.19,2
783,21.02,3.93,5.02,2
784,13.87,2.34,1.98,2
785,5.98,1.08,1.72,1
786,23.39,3.47,7.43,1
787,15.48,5.18,2.01,2
788,28.5,2.32,6.4,1
789,3.35,2.29,1.34,1
790,31.37,3.61,3.84,1
791,10.89,1.11,2.56,1
792,16.17,2.2,2.51,1
793,14.91,2.47,5.47,1
794,7.71,0.82,0.82,2
795,27.12,2.28,2.16,2
796,6.2,3.12,2.11,1
797,5.01,1.44,2.03,2
798,8.74,2.26,4.02,2
799,9.7,1.85,2.11,1
800,9.95,3.59,2.88,2
801,4.97,3.34,3,1
802,10.76,1.74,3.33,1
803,10.48,3.55,1.13,2
804,3.86,3.69,3,1
805,25.72,12.55,8.88,1
806,7.48,1.23,1.43,2
807,11.45,2.14,4.02,1
808,16.59,1.39,2.47,2
809,11.84,1.99,4.66,2
810,10.36,1.46,4.39,1
811,8.42,3.15,2.45,2
812,13.25,3.18,4.9,2
813,8.88,1.12,1.89,1
814,23.41,3.85,8.51,1
815,11.57,4.66,4.46,2
816,9.81,2.39,2.33,1
817,6.66,4.1,3.2,2
818,6,1.36,3.1,2
819,17.15,1.72,4.08,2
820,8.3,1.54,1.69,1
821,13.51,2.2,2.93,1
822,11.09,0.71,2.07,1
823,38.59,4.64,9.51,2
824,16.5,2.48,2.92,1
825,5.49,2.05,2.16,2
826,7.43,3.34,2.63,2
827,14.83,2.08,8.49,2
828,2.49,1.14,1.39,2
829,11.55,0.93,2.3,2
830,8.12,3.61,3.9,2
831,6.88,1.11,1.52,1
832,13.13,3.86,3.22,1
833,18.57,0.56,5.99,1
834,17.9,3.7,7.55,2
835,9.69,0.68,2.33,1
836,3.79,2.59,1.96,1
837,15.6,2.76,3.32,2
838,9.18,2.68,1.69,2
839,7.01,0.49,1.78,1
840,10.54,1.74,2.04,1
841,17.23,2.7,2.33,1
842,21.22,5.41,6.39,2
843,7.92,3.56,5.82,2
844,10.56,1.03,3.46,1
845,6.07,1.05,4.11,2
846,6.31,0.63,2.53,1
847,15.63,0.83,3.67,2
848,13.51,3.96,1.89,1
849,9.8,2.47,2.29,1
850,8.35,1.81,3.11,1
851,19.19,4.04,9.42,1
852,7.63,3.47,2.52,1
853,16.32,3.05,2.69,2
854,8.61,3.18,1.86,1
855,15.84,3.09,3.97,1
856,23.27,4.58,4.92,2
857,14.61,3.07,3.42,2
858,18.12,4.34,3.09,1
859,18.33,1.68,4.42,2
860,5.59,1.56,1.97,2
861,13.12,2.41,1.15,2
862,10.87,3.17,3.67,2
863,11.33,1.58,3.04,1
864,8.38,2.41,2.03,2
865,12.83,2.73,2.63,1
866,23.16,7.96,13.93,2
867,15.94,4.4,3.09,1
868,9.81,1.76,1.64,1
869,1.82,1.17,0.63,1
870,5.57,2.56,2.44,2
871,10.66,1.69,3.08,1
872,11.83,1.96,3.24,1
873,7.18,2.22,1.53,1
874,12.22,4.26,4.57,2
875,11.48,0.67,1.71,1
876,13.11,1.87,2.57,1
877,20.86,1,4.34,1
878,11.08,1.15,3.73,1
879,13.79,2.58,2.33,1
880,26.63,3.97,7.82,2
881,8.05,1.57,3,2
882,7.85,1.19,3.43,2
883,3.74,3.74,2.19,1
884,6.94,1.57,2.32,1
885,26.85,1.89,6.83,2
886,11.33,2.87,2.67,2
887,19.37,5.52,3.89,2
888,19.78,6.95,5.69,2
889,13.67,2.58,2.15,1
890,19.74,6.23,8.53,1
891,16.05,2.88,3.47,2
892,14.4,3.46,2.66,2
893,14.2,1.5,2.65,2
894,3.41,0.64,2.22,1
895,8.81,0.48,4.5,1
896,4.59,2.6,2.71,1
897,10.15,1.34,1.88,1
898,7.42,1.49,1.16,1
899,8.33,1.55,3.57,1
900,25.24,5.45,4.66,1
901,8.38,3.02,2.33,2
902,6.49,3.11,5.99,2
903,12.19,3.02,4.96,1
904,10.17,3.29,3.56,1
905,8.21,3.08,3.98,1
906,8.86,4.79,5.42,1
907,8.46,3.02,1.52,1
908,1.5,3.08,2.1,1
909,8.8,2.54,4.24,1
910,5.29,0.99,1.76,2
911,12.46,3.99,14.38,1
912,13.98,3.34,3.63,1
913,7.91,1.89,2.26,1
914,10.14,3.34,2.2,1
915,11.98,6.36,4.16,1
916,11.08,3.51,3.61,1
917,10.7,3.54,3.25,1
918,16.57,5.83,16.04,1
919,7.9,0.54,1.8,2
920,11.65,2.4,5.3,2
921,6.48,0.13,1.68,2
922,15.4,1.82,2.48,2
923,12.33,6.21,10.53,2
924,24.81,3.37,12.67,2
925,25.37,4.83,9.65,1
926,12.2,2.57,2.5,1
927,21.77,6.48,5.11,1
928,5.11,3.05,1.23,1
929,8.13,0.53,1.94,2
930,19.17,1.04,3.19,2
931,17.26,4,8.15,2
932,8.78,0.9,3.14,1
933,1.69,1.81,0.84,1
934,6.45,1.78,2.5,2
935,1.09,1.84,0.85,2
936,7.49,1.2,2.28,2
937,13.75,0.81,3.09,1
938,12.59,0.27,3.21,2
939,6.1,3.14,2.2,2
940,21.12,4.16,6.75,2
941,22.85,2.58,3.61,2
942,11.45,3.23,3.5,2
943,8.16,1.13,2.83,1
944,16.93,12.28,8.04,2
945,17.13,2.02,4.62,2
946,23.97,2.76,6.44,2
947,3.44,0.79,0.63,1
948,17.85,1.21,2.88,1
949,18.69,2.26,6.8,2
950,16.68,7.58,8.3,1
951,12.31,3.96,12.82,1
952,22.23,4.79,9.06,1
953,4.53,4.26,0.84,1
954,12.28,3.29,2.93,1
955,11.76,0.79,2.43,2
956,10.64,3.37,5.76,1
957,7.69,1.37,2.31,2
958,17.79,2.34,5.35,2
959,4.84,3.79,2.74,1
960,11.5,1.35,3.09,2
961,28.79,3.28,6.82,2
962,7.04,2.67,2.56,1
963,15.41,2.38,2.06,2
964,23.27,2.88,3.83,1
965,5.94,2.12,1.78,1
966,6.48,3.09,2.73,2
967,9.2,1.72,1.92,1
968,15.87,3.49,6.01,2
969,17.79,2.29,1.98,2
970,7.27,2.72,0.76,2
971,9.62,4.7,5.29,1
972,4.15,2.12,0.36,1
973,14.36,1.04,2.09,1
974,24.59,1.81,7.72,2
975,9.17,1.47,3.85,2
976,13.65,1.51,2.28,1
977,16.13,2.55,2.27,2
978,5.47,1.04,2.12,2
979,8.04,2.52,0.98,1
980,12.82,2.19,3.47,2
981,7.1,2.86,2.6,2
982,25.87,4.84,5.94,1
983,15.03,1.25,5.46,2
984,13.54,1.65,2.2,2
985,18.56,2.67,3.04,2
986,9.5,2.11,2.88,2
987,9.12,3.41,1.62,1
988,27.14,3.54,5.67,2
989,7.42,0.51,1.52,2
990,8.25,2.82,3.37,1
991,4.47,1.97,3.11,1
992,7.2,1.05,3.16,2
993,3.07,3.73,4.62,2
994,4.57,2.09,0.57,2
995,14.67,4.04,2.39,1
996,10.11,1.31,1.95,2
997,10.62,3.43,2.88,2
998,20.02,2.66,2.79,1
999,8.24,1.09,2,2
1000,4.53,1.4,0.98,1
1001,30.13,21.21,12.59,2
1002,11.06,3.54,4.58,2
1003,10.33,2.08,3.48,1
1004,7.97,0.63,2.25,1
1005,9.25,4.42,3.81,2
1006,1.44,2.26,0.82,1
1007,18.07,0.63,7.23,1
1008,23.82,4.15,10.27,1
1009,7.54,2.07,2.47,2
1010,13.14,3.59,2.07,2
1011,30.21,11.53,8.27,1
1012,16.45,6.3,2.73,1
1013,15.24,2.04,2.25,2
1014,12.41,2.26,4.01,2
1015,16.03,1.76,2.39,1
1016,19.81,0.92,2.95,1
1017,23.2,6.41,7.74,1
1018,10.68,2.62,1.23,1
1019,9.24,2.2,3.24,2
1020,5.91,1.18,2.65,2
1021,5.72,1.83,2.59,2
1022,14.73,0.4,5.97,2
1023,3.84,1.62,1.25,1
1024,8.96,3.59,1.65,1
1025,18.74,4.01,5.73,2
1026,28.17,16.29,18.82,1
1027,21.62,3.84,14.52,2
1028,4.78,1.03,1.72,1
1029,11.61,0.67,3.59,2
1030,13.43,1.79,2.7,1
1031,1.43,2.14,0.97,2
1032,3.8,0.6,2.47,1
1033,5.6,0.93,1.89,2
1034,15.25,2.19,5.13,2
1035,19.01,7.81,9.35,2
1036,4.2,0.35,2.86,2
1037,16.29,2.7,5.76,1
1038,12.46,2.91,2.79,1
1039,24.18,8.31,4.19,2
1040,16.3,1,5.12,2
1041,16.35,4.74,2.23,1
1042,10.6,2.05,1.02,2
1043,6.64,1.86,2.73,1
1044,19.41,8.54,27.43,1
1045,13.93,5.65,5.73,2
1046,17.86,2.84,4.29,2
1047,8.18,1.33,0.66,2
1048,13.59,1.42,3.53,2
1049,4.28,0.93,0.31,1
1050,5.71,0.67,2.54,2
1051,4.27,1.51,1.92,1
1052,22.02,0.99,2.48,1
1053,5.53,0.47,2.32,1
1054,11.1,3.42,5.06,2
1055,16.31,6.9,5.8,2
1056,15.21,1.37,9.38,1
1057,25,4.63,4.67,2
1058,18.74,2.21,2.69,2
1059,27.79,4.03,9.51,1
1060,9.11,3.88,1.26,2
1061,7.14,0.16,2.36,1
1062,4.73,2.12,0.37,2
1063,18.68,4.07,2.81,1
1064,9.06,1.54,2.6,2
1065,17.76,1.7,1.15,1
1066,6.13,2.28,1.2,1
1067,11.33,1.49,2.53,2
1068,3,0.5,1.21,1
1069,13.85,7.06,2.72,1
1070,4.34,2.4,1.58,2
1071,9.65,2.78,3.83,2
1072,9.81,1.96,2.07,2
1073,7.72,2,1.08,1
1074,43.14,17.48,15.85,1
1075,3.22,1.53,1.7,1
1076,3.8,0.51,1.51,1
1077,10.16,2.1,2.67,1
1078,6.44,1.15,1.13,1
1079,9.01,1.83,2.57,1
1080,6.88,2.09,1.41,2
1081,9.28,1.98,2.94,1
1082,35.28,7.31,10.79,2
1083,18.3,4.63,4.8,2
1084,4.76,2.22,0.7,1
1085,11.65,1.97,5.27,1
1086,25.06,1.62,5.92,2
1087,7.46,3.12,1.38,2
1088,3.82,1.02,5.34,2
1089,8.88,2.73,1.8,1
1090,10.43,2.53,4.27,1
1091,7.37,2.64,3.44,2
1092,10.47,1.11,1.67,2
1093,6.95,3.1,2.48,2
1094,20.86,9.2,8.14,1
1095,22.12,4.18,9.16,2
1096,15.47,0.71,5.86,1
1097,20.16,2.05,5.41,2
1098,14.56,5.43,3.07,1
1099,13.83,3.29,2.27,1
1100,9.93,0.9,2.26,1
1101,12.23,3.28,3.03,2
1102,1.76,0.45,0.66,1
1103,11.07,2.05,2.74,1
1104,32.83,4.27,16.1,1
1105,18.18,2.29,5.1,1
1106,14.28,4.07,7,2
1107,10.61,2.38,2.91,2
1108,8.6,2.86,4.95,2
1109,7.27,3.11, ,2
1110,8.92,0.5,2.53,1
1111,6.89,2.58,1.45,2
1112,14.49,3.68,9.47,1
1113,6.42,2.66,1.7,1
1114,15.72,3.67,1.62,2
1115,25.33,2.83,4.84,2
1116,7.77,1.68,3.81,1
1117,5.62,0.39,1.87,2
1118,7.58,0.91,2.93,1
1119,28.73,6.55,9.55,2
1120,32.44,3.34,13.87,1
1121,15.65,2.63,3.43,2
1122,4.3,1.09,3.51,2
1123,10.5,2.18,1.57,2
1124,7.23,0.97,2.64,1
1125,20.5,3.69,6.34,2
1126,2.53,2.08,2.41,2
1127,5.88,1.98,0.88,1
1128,3.31,1.45,1.8,2
1129,7.6,1.44,1.79,2
1130,24.26,9.4,9.15,1
1131,28.34,10.1,9.32,2
1132,8.53,2.18,2.07,1
1133,9.14,2.81,4.88,2
1134,15.64,3.95,3.24,1
1135,22.68,7.25,6.65,2
1136,8.09,1.17,3.31,2
1137,2.89,1.44,0.25,2
1138,7.88,4.42,8.55,2
1139,7.02,2.58,0.91,1
1140,6.86,0.93,2.72,2
1141,16.88,5.82,10.59,1
1142,13.11,2.97,3.54,2
1143,21.92,4.6,11.96,1
1144,32.84,4.43,4.95,2
1145,7.6,18.98,14.03,2
1146,17.54,5.24,4.56,2
1147,5.53,1.12,1.17,1
1148,15.11,2.1,2.57,2
1149,16.25,4.13,3.98,1
1150,20.43,1.83,3.39,1
1151,4.96,2.72,5.16,1
1152,14.23,1.46,2.48,1
1153,16.89,5.43,4.17,1
1154,9.39,3.06,2.63,1
1155,19.43,3.09,3.96,2
1156,15.84,1.97,3.36,1
1157,9.23,3.07,10.87,2
1158,19.13,2.6,3.16,1
1159,15.1,3.7,2.76,2
1160,4.73,2.19,0.84,2
1161,4.05,0.59,1.71,2
1162,13.82,2.37,3.07,2
1163,4.08,1.66,1.91,1
1164,8.99,1.28,2.06,1
1165,26.75,2.78,4.94,1
1166,24.97,2.39,4.14,1
1167,19.91,16.89,23.35,2
1168,6.94,2.51,2.19,2
1169,21.4,3.73,10.02,1
1170,7.9,0.36,2.53,1
1171,20.08,3.15,3.4,1
1172,8.28,0.7,3.03,1
1173,14.49,2.22,3.43,1
1174,7.67,1.95,1.7,1
1175,4,0.86,2.54,1
1176,12.56,2.49,5.52,2
1177,18.29,0.57,4.26,1
1178,13.03,2.97,3.63,2
1179,12.47,1.46,18.81,2
1180,21.39,6.02,5.65,2
1181,9.5,1.71,1.91,1
1182,10.67,3.49,3.54,1
1183,9.26,3.75,3.22,2
1184,7.83,1.12,2.23,2
1185,14.53,5.95,7.32,1
1186,9.49,2.26,2.51,1
1187,7.02,2.61,1.04,1
1188,21.13,6.87,7.25,2
1189,18.65,2.83,2.4,1
1190,5.62,1.73,1.81,2
1191,5.27,0.4,1.96,2
1192,28.08,2.84,21.9,1
1193,36.8,2.53,8.83,1
1194,17.01,7.42,4.91,2
1195,18.29,3.31,3.11,1
1196,11.34,1.45,1.35,1
1197,9.62,3.86,5.16,2
1198,15.8,2.69,10.61,1
1199,22.7,2.57,3.25,1
1200,22.81,4.54,3.55,1
1201,12.26,0.72,1.68,2
1202,19,3.27,6.29,1
1203,10.04,5.63,12.18,1
1204,14.83,1.4,3.22,1
1205,20.45,1.63,3.89,1
1206,22.37,3.94,4.67,2
1207,7.18,0.71,4.7,2
1208,3.53,1.94,1.59,2
1209,19.47,2.54,2.39,1
1210,12.2,1.39,6.37,1
1211,22.51,3.15,3.65,2
1212,13.44,4.31,3.57,1
1213,7.12,3.25,2.43,1
1214,12.3,0.89,1.36,1
1215,12.12,2.59,3.38,1
1216,16.28,3.41,8.26,1
1217,14.74,6.36,8.23,1
1218,5.33,0.6,2.11,2
1219,7.83,1.51,1.12,2
1220,3.08,2.17,1.01,2
1221,16.42,2.01,5.31,2
1222,7.76,3.09,1.96,1
1223,6.11,1.21,1.55,2
1224,5.63,3.95,2.05,2
1225,10.28,3.48,1.54,1
1226,5.14,2.72,2.43,2
1227,6.71,2.44,4.27,2
1228,12.6,1.83,2.07,2
1229,12.43,5.32,16.19,2
1230,27.26,3.74,3.23,2
1231,15.44,2.21,3.51,2
1232,16.68,4.84,2.91,1
1233,17.82,1.02,4.1,1
1234,11.88,0.65,2.88,1
1235,10.37,1.9,2.5,2
1236,15.85,5.65,5.11,1
1237,4.76,2.03,1.01,1
1238,15.62,3.9,5.75,1
1239,11.62,3.21,6.12,1
1240,17.83,1.12,2.93,2
1241,10.77,2.13,4.06,2
1242,9.19,2.14,2.49,2
1243,23.58,4.83,10.93,1
1244,30.82,3.1,4.84,1
1245,8.32,0.43,2.53,2
1246,13.19,2.65,3.07,1
1247,13.66,4.13,7.41,2
1248,19.92,3.93,18.66,2
1249,22.47,2.48,5.25,2
1250,26.87,6.25,19.5,2
1251,5.33,2.9,0.71,2
1252,10.64,2.37,2.67,1
1253,19.45,5.62,7.08,2
1254,10.9,1.68,4.6,2
1255,9.62,3.04,3.45,1
1256,7.31,2.62,2.97,2
1257,6.48,2.69,1.68,1
1258,11.43,7.47,12.21,1
1259,5.47,0.21,2,1
1260,17.17,7.48,3.45,2
1261,6.64,0.42,1.74,1
1262,8.3,4.4,2.03,1
1263,5.35,2.53,5.32,1
1264,4,2.53,1.08,2
1265,14.81,6.92,6.48,1
1266,19.95,5.96,6.5,1
1267,8.78,2.29,4.07,2
1268,4.92,1.44,2.6,2
1269,22.63,4.51,5.79,2
1270,8.58,3.31,6.77,2
1271,13.89,3.4,2.89,2
1272,5.71,0.41,0.66,1
1273,17.98,0.95,13.5,2
1274,11.55,3.03,1.81,2
1275,31.47,6.95,1.2,2
1276,13.53,2.31,2.68,2
1277,7.04,1.97,2.05,2
1278,8.55,2.44,6.11,2
1279,11.95,2.37,3.46,1
1280,14.37,2.51,2.4,2
1281,5.18,3.39,2.63,1
1282,6.83,1.7,1.15,1
1283,9.97,4.78,2.03,2
1284,37.66,7.8,12.12,1
1285,36.7,3.73,4.3,1
1286,6.92,1.21,2.65,2
1287,10.37,2.3,4.21,1
1288,15.91,2.46,8.41,2
1289,7.69,2.81,2.09,1
1290,8.34,1.94,3,1
1291,17.01,7.17,1.33,1
1292,12.37,0.53,1.66,1
1293,19.43,2.89,6.39,1
1294,14.52,2.99,3.32,2
1295,17.46,3.7,1.13,2
1296,9.4,2.77,2.98,1
1297,9.19,2.84,3.63,1
1298,18.36,5.11,1.82,2
1299,14.3,1.62,2.73,1
1300,29.23,6.41,6.14,2
1301,8.31,2.61,3.57,1
1302,14.29,8.79,5.8,1
1303,9.87,5.62,3.34,1
1304,6.24,0.45,2.32,1
1305,28.7,3.02,6.66,2
1306,9.62,4.32,10.01,1
1307,26.26,4.87,4.44,2
1308,6.15,2.06,1.67,1
1309,10.16,1.87,3.59,1
1310,3.93,1.8,2.87,2
1311,20.14,2.45,4.66,2
1312,17.23,4,3.21,1
1313,18.13,2.47,7.51,1
1314,6.04,0.95,3.93,2
1315,11.22,3.17,4.34,1
1316,7.97,3.64,2.97,2
1317,5.32,0.73,3.11,2
1318,9.66,1.25,0.94,2
1319,12.91,3.92,1.55,2
1320,18.36,5.72,6.63,1
1321,9.17,2.78,1.56,2
1322,7.11,2.66,3,2
1323,9.33,4.37,7.72,2
1324,11.55,0.66,3.53,1
1325,9.2,3.29,2.02,1
1326,4.47,4.49,5.19,1
1327,13.81,4.37,3.89,2
1328,10.73,2.88,1.9,1
1329,24.8,3.5,3.91,2
1330,20.79,4.41,3.59,2
1331,9.21,2.83,4.2,2
1332,14.2,6.45,8.97,1
1333,24.31,15.39,18.91,1
1334,13.4,1.25,2.22,2
1335,5.86,1.89,4.83,1
1336,15.29,6.75,7.23,2
1337,15.02,3.83,1.88,1
1338,31.86,5,9.94,2
1339,10.22,1.04,2.43,1
1340,11.95,2.49,2.95,1
1341,6.17,2.19,2.05,2
1342,9.03,2.87,1.99,2
1343,11.85,2.47,1.73,1
1344,5.06,2.77,2.04,1
1345,12.67,6.1,4.41,2
1346,6.42,2.43,1.16,1
1347,9.94,2.35,2.19,1
1348,8.44,1.75,3.09,2
1349,3.66,0.64,1.74,2
1350,22.65,3.91,4.54,1
1351,6.86,2.6,2.59,2
1352,16.5,2.22,1.68,2
1353,9.81,1.08,4.03,1
1354,9.71,1.65,3.09,1
1355,36.17,4.06,9.87,2
1356,6.76,1.05,1.32,2
1357,10.74,1.77,1.59,2
1358,12.2,3.3,5.85,1
1359,15.24,0.7,2.82,1
1360,19.86,3.78,7.7,1
1361,7.64,2.02,2.12,1
1362,3.24,1.26,0.26,2
1363,5.92,2.3,2.93,1
1364,8.87,3.85,3.27,1
1365,12.02,7.25,4.59,2
1366,5.83,3.29,4.65,2
1367,18.19,5.18,13.33,1
1368,1.66,0.47,1.65,1
1369,5.23,2.96,1.3,1
1370,13.43,1.86,5.19,1
1371,8.3,1.92,1.63,1
1372,17.09,2.76,3.27,1
1373,1.3,0.73,1.74,1
1374,14.13,1.59,2.48,2
1375,5.25,1.29,2.25,2
1376,6.43,2.6,5.37,1
1377,12.87,1.97,4.35,2
1378,6.1,1.67,1.08,2
1379,13.66,1.74,4.41,1
1380,3.04,0.33,2.62,1
1381,28.35,4.15,7.26,1
1382,9.86,2.57,2.41,2
1383,12.37,2.01,5.11,2
1384,10.89,0.21,1.51,2
1385,11.72,2.74,4.73,1
1386,17.22,3.05,4.6,2
1387,9.76,3.84,1.46,1
1388,12.46,5.36,1.44,1
1389,11.93,4.09,6.52,1
1390,11.19,1.22,1.94,1
1391,10.02,0.81,2.06,2
1392,10.58,11.22,9.24,1
1393,29.1,2.87,5.48,2
1394,8.58,2.36,1.83,1
1395,15.29,5.29,7.38,1
1396,5.58,2.28,2.08,2
1397,14.73,3.3,3.2,1
1398,12.17,3.26,2.43,1
1399,8.78,4.19,4.4,1
1400,16.31,3.22,4.8,1
1401,11.36,14.17,5.39,2
1402,17.8,2.59,4.18,2
1403,10.43,2.54,2.62,1
1404,5.27,4.28,1.93,1
1405,18.97,1.96,3.79,2
1406,13.45,2.07,3,2
1407,34.26,6.68,16.68,2
1408,7.17,3.01,1.51,1
1409,25.12,2.58,5.08,2
1410,21.66,5.22,3.45,1
1411,2.79,1.24,1.97,1
1412,8.4,0.82,2.37,2
1413,11.67,4.74,3.62,1
1414,16.96,1.87,4.05,1
1415,10.64,5.04,6.33,1
1416,12.82,3.71,4,1
1417,17.22,3.51,3.87,1
1418,12.56,3.51,4.34,2
1419,8,0.81,4.01,1
1420,3.7,0.79,0.48,2
1421,6.18,3.02,2.16,1
1422,8.17,3.14,3.03,1
1423,11.95,0.73,2.28,2
1424,11.57,1.12,2.35,1
1425,18.38,2.41,2.87,2
1426,18.46,3.17,5.26,1
1427,9.11,2.86,5.48,1
1428,18.68,1.65,11.47,1
1429,18.61,4.73,9.53,1
1430,15.65,1.6,5.95,2
1431,3.64,0.43,0.4,2
1432,15.14,2.47,2.6,2
1433,9.03,2.54,2.67,2
1434,14.55,1.86,3.26,2
1435,3.35,3.03,1.28,1
1436,26.03,7.61,6.89,2
1437,19.16,1.58,2.25,1
1438,16.93,5.4,5.39,1
1439,17.75,4.31,4.12,2
1440,6.74,1.31,2.86,1
1441,11.36,3.1,2.07,1
1442,10.3,2.06,4.44,2
1443,8.82,3.06,2.64,2
1444,17.36,3.87,5.38,2
1445,7.83,3.21,0.99,1
1446,11.29,0.84,2.75,1
1447,9.04,1.19,1.48,2
1448,11.04,0.23,3.28,1
1449,16.34,3.3,2.76,2
1450,9.67,0.28,4.48,2
1451,14.56,3.42,4.1,1
1452,15.9,3,2.55,1
1453,13.06,3.93,3.84,1
1454,5.75,1.98,2.08,2
1455,13.46,1.9,2.38,1
1456,17.7,2.36,2.07,1
1457,9.05,2.55,3.07,1
1458,4.07,2.35,1.73,2
1459,7.14,4.39,1.74,2
1460,13.15,2.76,7.61,2
1461,6.19,0.08,2.35,1
1462,11.28,4.26,2.2,1
1463,16.39,0.89,3.14,2
1464,10.73,3.64,2.24,2
1465,8.44,1.75,1.25,2
1466,24.47,9.94,9.79,1
1467,7.69,1.15,1.35,2
1468,9.32,3.83,2.97,1
1469,10.71,2.11,2.18,1
1470,20.98,3.23,3.95,1
1471,23.5,1.43,4.61,1
1472,28.04,3.96,6.21,2
1473,13.9,5.79,8.31,2
1474,11.97,2.03,1.56,2
1475,6.01,3,2.4,1
1476,28.33,5.17,8.48,2
1477,4.92,0.13,1.34,2
1478,7.53,1.16,1.51,2
1479,7.54,0.91,1.63,1
1480,4.03,3.6,1.78,2
1481,15.41,4.58,2.33,2
1482,18.51,4.96,6.45,2
1483,24.37,2.96,4.69,1
1484,15.44,3.52,2.3,1
1485,7.89,2.31,2.09,2
1486,21.68,2.6,7.93,2
1487,14.51,5.8,2.14,2
1488,27.97,3.84,7.66,1
1489,6.37,0.55,1.29,1
1490,31.42,2.65,2.73,1
1491,8.39,0.12,2.4,2
1492,14.46,2.99,2.34,2
1493,12.71,3.25,4.99,2
1494,10.77,1.09,0.93,2
1495,27.69,2.12,3.33,1
1496,6.31,1.43,2.98,1
1497,7.23,1.42,2.02,1
1498,12.21,2.69,4.78,1
1499,7.32,2.53,2.5,2
1500,9.34,3.39,2.4,2
1501,4.01,1.91,2.35,2
1502,9.19,0.28,3.94,1
1503,8.5,1.3,1.2,1
1504,3.71,3.8,4.25,2
1505,25.86,11.6,9.71,1
1506,6.82,3.06,2.27,2
1507,11.52,3.12,4.1,2
1508,13.67,2.7,2.25,1
1509,11.69,2.52,3.85,2
1510,10.55,1.42,3.59,2
1511,8.03,2.91,2.29,1
1512,9.25,0.44,4.41,1
1513,8.45,2.04,1.7,2
1514,23.3,4.93,8.64,1
1515,13.27,3.25,4.79,1
1516,5.58,3.12,1.24,2
1517,8.38,3.43,2.26,2
1518,6.23,2.56,3.2,2
1519,16.19,1.25,2.52,1
1520,10.69,2.36,1.42,2
1521,10.8,2.19,3.75,2
1522,8.54,0.49,1.83,2
1523,35.67,2.71,8.62,2
1524,17.34,3.56,2.93,1
1525,3.02,0.37,1.87,2
1526,8.69,2.88,2.78,1
1527,15.43,2.29,9.04,2
1528,5.07,1.51,0.84,1
1529,12.2,3.28,3.68,1
1530,8.57,3.53,3.34,1
1531,5.22,2.84,0.99,1
1532,17.76,3.2,3.19,2
1533,18.22,1.3,6.45,2
1534,16.55,2.8,7.28,1
1535,6.31,3.03,1.76,1
1536,2.29,1.25,2.04,1
1537,14.03,3.02,3.08,2
1538,7.69,2.16,0.83,2
1539,11.24,2.37,1.68,1
1540,10.19,2.65,2.97,2
1541,20.53,3.06,2.62,2
1542,18.26,5.51,6.96,2
1543,6.51,2.51,6.25,2
1544,10.58,2.28,3.14,2
1545,8.83,3.12,4.83,2
1546,5.2,0.68,2.04,1
1547,13.53,2.64,3.7,1
1548,11.91,3.31,1.7,2
1549,13.32,1.34,2.98,2
1550,9.6,3.53,2.03,1
1551,19.36,1.84,8.47,1
1552,6.6,3.53,2.66,1
1553,16.63,4.17,4.12,2
1554,9.71,0.62,1.98,2
1555,15.57,3.01,3.65,1
1556,19.95,4.28,5.78,2
1557,13.39,3.71,3.39,1
1558,15.08,1.76,2.85,1
1559,17.83,2.25,3.28,2
1560,9.04,1.43,1.12,2
1561,12.04,2.86,1.3,1
1562,13.56,3.33,4.08,2
1563,7.8,0.4,3,2
1564,7.68,1.22,1.56,2
1565,17.4,3.16,3.56,1
1566,23.64,7.21,13.31,2
1567,18.29,4.25,2.93,1
1568,10.88,3.41,2.7,2
1569,5.42,2.69,1.18,2
1570,4.14,3.06,1.82,2
1571,11.76,0.76,1.86,2
1572,11.77,0.49,3.74,2
1573,9.52,2.54,1.05,1
1574,10.42,6.59,4.24,1
1575,10.99,3.35,2.83,2
1576,12.55,0.91,2.62,2
1577,20.24,2.65,4.91,1
1578,9.55,2.2,3.66,1
1579,11.18,0.8,2.7,2
1580,24.79,4.71,6.1,2
1581,9.92,1.82,2.18,1
1582,9.41,2.44,3.73,2
1583,6.1,1.38,2.87,2
1584,9.55,1.35,2.76,2
1585,27.9,2.85,5.81,2
1586,8.33,3.66,1.9,2
1587,19.54,3.48,5.39,2
1588,19.39,7.17,5.86,1
1589,12.17,1.95,2.55,1
1590,17.55,5.4,7.9,1
1591,14.03,3.68,3.19,2
1592,13.62,2.16,3.01,1
1593,15.68,0.93,3.47,1
1594,4.45,1.25,2.03,2
1595,9.95,0.21,4.29,1
1596,4.79,0.84,2.17,2
1597,10.23,1.78,1.86,2
1598,5.45,0.59,1.07,2
1599,7.32,2.8,4.17,2
1600,25.94,4.34,4.56,1
1601,8.69,2.86,1.75,2
1602,6.14,1.65,5.81,2
1603,12.96,2.98,5.28,1
1604,11.21,3.18,3.72,2
1605,9.75,3.49,4.61,2
1606,9.56,3.3,4.79,2
1607,9.69,2.74,2.56,2
1608,5.2,1.73,1.12,2
1609,8.19,3.78,5.96,2
1610,3.94,1.32,2.13,2
1611,12.54,3.94,13.03,1
1612,13.08,4.13,2.53,2
1613,6.41,2.9,2.76,1
1614,8.3,2.85,2.44,2
1615,15.22,6.77,5.79,1
1616,11.53,3.58,2.84,1
1617,14.76,2.63,4.15,2
1618,15.77,4.18,16.4,2
1619,4.28,1.86,1.24,2
1620,12.46,3.45,4.45,2
1621,6.3,0.54,0.83,2
1622,14.82,1.66,2.96,1
1623,12.16,5.94,10.87,1
1624,21.8,4.31,11.26,1
1625,24.34,4.86,8.45,1
1626,8.54,3.29,1.75,2
1627,21.59,4.37,4.6,2
1628,4.05,2.2,1.85,2
1629,8.38,0.25,2.23,1
1630,18.46,1.09,3.51,2
1631,17.71,3.05,9.03,1
1632,9.76,2.07,4.01,1
1633,1.71,1.01,2.02,1
1634,4.98,0.81,1.24,2
1635,5.86,2.97,0.98,1
1636,6.96,2.61,1.22,1
1637,9.94,1.06,2.7,1
1638,12.24,2.91,3.23,1
1639,6.73,2.03,2.81,2
1640,21.99,4.89,7.24,1
1641,18.79,2.87,5.24,2
1642,12.22,2.43,1.92,1
1643,5.07,2.4,1.24,1
1644,16.53,11.41,8.53,2
1645,17.73,2.23,4.25,1
1646,27.22,3.6,7.21,2
1647,2.25,1.97,1.15,1
1648,18.25,2.98,3.21,2
1649,20.33,1.73,7.31,1
1650,16.62,6.67,8.2,2
1651,11.25,3.66,14.46,2
1652,22.12,4.21,8.67,2
1653,6.85,1.49,1.9,1
1654,11.57,2.23,2.79,2
1655,10.22,1.18,2.33,2
1656,10.46,2.25,5.84,1
1657,8.13,2.39,2.51,2
1658,16.33,2.76,4.39,1
1659,6.13,4.5,1.82,1
1660,11.41,1.48,3.55,1
1661,28.43,2.3,6.92,2
1662,6.5,3.43,2.41,1
1663,14.47,2,3.14,1
1664,21.6,1.85,4.69,2
1665,8.72,1,2.84,1
1666,6.95,3.41,1.78,1
1667,7.66,0.47,2.78,2
1668,16.74,5.16,6.14,1
1669,19.36,1.54,3.37,2
1670,7.99,2.77,1.05,1
1671,10.1,4.25,5.58,1
1672,2.11,0.15,1.2,2
1673,11.21,1.6,2.75,2
1674,24.14,0.86,7.46,1
1675,12.09,3.03,3.95,2
1676,12.86,3.01,1.69,1
1677,14.68,1.95,2.32,1
1678,5.75,2.51,2.59,2
1679,6.71,3.03,1.8,1
1680,12.69,2.77,1.74,2
1681,5.42,3.03,1.04,1
1682,28.26,6.51,5.91,1
1683,16.95,0.17,5.3,2
1684,11.53,3.09,2.59,2
1685,15.71,3.54,4.03,2
1686,7.67,3.41,1.67,2
1687,8.8,3.21,2.82,1
1688,24.96,3.29,4.97,2
1689,5.34,0.87,1.47,1
1690,7.18,0.8,2.44,1
1691,7.36,3.1,1.53,2
1692,8.34,1.72,2.73,2
1693,3.91,1.11,4.99,2
1694,6.23,1.85,2.35,1
1695,11.11,4.71,1.8,2
1696,10.26,2.2,3.64,1
1697,11.13,1.57,1.62,1
1698,19.86,3.33,1.79,1
1699,5.45,2.28,2.34,1
1700,2.17,1.27,1.08,2
1701,29.53,22,12.79,2
1702,10.36,1.15,6.17,2
1703,6.66,3.71,3.17,1
1704,5.73,1.65,2.82,2
1705,6.81,4.03,2.55,1
1706,3.65,0.66,0.31,1
1707,15.63,1.23,7.21,2
1708,24.3,4.28,9.77,1
1709,11.99,4.03,2.38,2
1710,11.93,2.56,2.51,1
1711,31.94,11.32,7.21,1
1712,12.21,6.08,2.6,2
1713,17.54,2.35,3.21,1
1714,13.24,1.09,3.66,2
1715,16.05,1.42,2.35,1
1716,20.28,2,2.47,2
1717,21.62,5.85,6.98,2
1718,9.18,0.47,2.36,2
1719,8.11,3.1,2.92,1
1720,6.83,2.76,2,1
1721,5.46,0.39,2.01,2
1722,11.96,1.86,6.44,2
1723,3.28,3.27,1.48,2
1724,11.56,1.55,2.48,1
1725,20.86,3.52,6.16,1
1726,28.8,14.65,17.97,2
1727,17.88,2.85,13.12,1
1728,4.8,2.17,1.04,2
1729,9.98,0.98,3.22,1
1730,15.6,1.12,2.88,1
1731,4.45,1.1,0.23,2
1732,3.6,2.33,1.14,2
1733,7.15,1.6,1.39,1
1734,14.44,3.31,4.64,1
1735,17.4,5.15,9.61,2
1736,7.05,2.64,2.74,2
1737,16.98,4.22,5.25,1
1738,12.1,1.85,3.49,1
1739,24.64,6.81,5.19,1
1740,15.15,3.05,3.82,1
1741,13.4,4.97,3.45,2
1742,10.34,1.87,1.87,1
1743,7.21,1.89,2.79,2
1744,18.14,9.4,27.07,1
1745,18.29,7.32,6.44,1
1746,21.26,2.9,3.75,1
1747,6.86,2.12,1.71,2
1748,14.63,2.58,4.16,2
1749,6.9,2.73,1.7,1
1750,6.93,1.16,1.16,1
1751,3.46,0.25,0.34,2
1752,19.62,3.43,3.78,2
1753,1.77,0.05,0.68,1
1754,13.46,3.72,6.02,1
1755,19.02,8.26,5.39,2
1756,15.79,0.7,9.61,2
1757,25.32,3.21,3.28,1
1758,17.15,1.57,2.28,1
1759,24.69,5.37,10.76,2
1760,10.7,4.26,2.27,1
1761,4.99,1.89,1.91,1
1762,4.95,2.2,0.96,1
1763,18.63,3.53,3.84,1
1764,11.51,0.57,2.22,2
1765,17.71,2.26,2.31,1
1766,3.39,1.1,1.62,2
1767,11.66,2.14,2.2,1
1768,4.91,1.33,2.52,2
1769,14.05,7.21,2.99,1
1770,6.78,2.9,2.97,2
1771,11.02,4.67,3.68,1
1772,12.16,3.59,2.64,1
1773,6.13,3.57,1.24,1
1774,44.74,16.27,16.5,2
1775,2.47,1.27,2.6,1
1776,4.41,2.9,0.49,1
1777,8.94,1.36,2.71,1
1778,7.06,1.5,1.93,1
1779,7.61,2.88,3.9,1
1780,3.95,2.8,2.03,2
1781,11.52,2.23,2.07,2
1782,34.55,8.07,10.72,1
1783,20.24,6.18,5.32,2
1784,5.83,1.78,0.86,1
1785,10.91,2.2,6.46,2
1786,23.44,3.1,4.76,2
1787,7.58,2.58,1.69,1
1788,5.54,2.59,3.76,2
1789,9.71,0.39,2.62,2
1790,9.18,1.91,2.94,1
1791,7.19,0.96,2.91,2
1792,8.76,1.8,2.01,1
1793,7.56,1.13,2.4,1
1794,20.43,8.75,8.08,1
1795,24.16,3.83,9.48,1
1796,13.22,1.99,4.4,2
1797,21.21,1.67,4.2,2
1798,13.47,2.6,3.14,2
1799,13.57,1.85,2.97,1
1800,12.71,1.65,1.69,1
1801,11.23,1.02,1.72,2
1802,1.95,0.75,2.42,1
1803,10.68,3.21,2.75,2
1804,30.13,4.17,16.36,2
1805,15.82,4.63,4.68,1
1806,15.97,2.88,7.18,2
1807,7.38,3.73,1.68,2
1808,7.84,1.08,4.75,1
1809,9.2,2.89,1.83,1
1810,8.01,1.43,1.71,1
1811,5.05,2.97,1.97,1
1812,14.16,1.77,9.97,1
1813,8.26,3.31,2.93,1
1814,15.27,1.95,1.86,2
1815,23.96,4.53,5.53,1
1816,9.84,3.04,4.5,1
1817,4.98,1.22,2.3,1
1818,5.87,2.98,2.02,2
1819,24.28,6.45,9.6,2
1820,30.65,6.13,12.32,2
1821,18.16,2.4,3.31,1
1822,7.88,1.26,3.95,2
1823,9.04,3.18,1.48,2
1824,4.39,1.7,2.25,1
1825,22.45,2.55,6.5,2
1826,5.02,0.89,1.12,2
1827,5.18,1.89,1.75,1
1828,1.28,2,1.09,1
1829,6.54,0.91,1.03,1
1830,22.1,7.83,8.75,2
1831,29.27,10.58,11.22,1
1832,6.03,1.71,1.45,2
1833,9.87,1.8,5.2,2
1834,13.56,1.22,2.06,1
1835,21.79,6.56,6.1,2
1836,7.12,3.01,3.25,2
1837,2.02,0.18,1.56,2
1838,7.96,3.96,7.56,1
1839,6.49,1.19,1.37,1
1840,4.67,1.22,3.05,1
1841,18.85,7.52,9.37,1
1842,13.64,4.28,3.23,2
1843,23.9,4.87,11.71,1
1844,31.11,4.14,3.65,2
1845,8.81,16.43,14.27,1
1846,18.55,4.7,5.17,2
1847,8.42,2.14,1.55,2
1848,14.37,2.82,1.26,2
1849,14.71,5.56,3.23,1
1850,17.84,3.18,1.97,1
1851,7.2,2.41,5.75,1
1852,15.25,2.47,2.02,1
1853,17.65,3.19,3.96,1
1854,8.15,1.34,2.66,1
1855,18.37,2.94,3.09,1
1856,14.25,2.38,2.82,1
1857,7.06,2.14,10.15,2
1858,21.49,2.27,3.59,2
1859,16.49,3.82,2.49,2
1860,8.87,0.89,2.27,2
1861,8.99,1.33,1.39,1
1862,13.05,3.01,2.98,1
1863,3.08,3.01,1.5,1
1864,8.24,1.31,1.69,2
1865,23.73,4.4,5.76,2
1866,28.34,2.19,3.67,2
1867,18.1,17.89,24.65,2
1868,7.78,0.44,2.58,2
1869,23.37,4.56,11.84,1
1870,8.6,0.69,0.79,1
1871,21.64,2.31,3.43,2
1872,8.73,3.05,2.15,2
1873,10.83,0.76,2.67,2
1874,4.43,0.88,1.85,1
1875,6.63,1.98,2.81,1
1876,9.16,1.63,5.82,2
1877,16.84,3.17,4.04,2
1878,13.19,3.01,3.16,1
1879,15.71,2.48,18.91,2
1880,21.04,5.07,5.16,1
1881,9.69,0.78,1.77,2
1882,13.06,1.82,1.94,2
1883,7.54,1.75,1.9,1
1884,6.75,1.04,1.26,1
1885,13.95,6.57,6.96,2
1886,7.35,0.95,2.18,2
1887,10.16,0.58,1.23,1
1888,24.99,6.14,6.06,2
1889,18.56,2.92,3.05,2
1890,5.36,0.47,0.91,1
1891,8.21,1.76,2.33,2
1892,28.08,2.92,21.57,1
1893,37.33,3.05,8.92,2
1894,20.34,7.94,5.68,2
1895,21.09,2.58,3.12,2
1896,7.13,2.4,1.21,2
1897,7.53,4.24,4.96,1
1898,13.51,3.43,10.57,1
1899,19.81,2.35,4.2,1
1900,24.19,5.09,3.67,2
1901,9.88,2.22,0.92,2
1902,18.85,1.91,5.79,1
1903,8.86,4.22,12.97,2
1904,18.76,3.03,3.45,1
1905,20.83,1.23,3.11,2
1906,23.76,2.99,5.59,2
1907,9.55,1.68,5.45,1
1908,5.92,3.05,2.44,1
1909,19.49,3.21,2.03,1
1910,8.41,3.11,7.14,2
1911,22.52,3.97,4.11,1
1912,9.34,2.05,4.99,2
1913,6.41,3.19,2.01,2
1914,12.42,1.65,1.57,1
1915,11.58,3.89,3.76,1
1916,16.96,0.54,7.58,1
1917,14.95,6.58,8.23,1
1918,6.59,1.71,1.15,2
1919,5.93,2.3,1.73,2
1920,6.54,2.49,1.56,2
1921,17.88,3.47,6.2,1
1922,9.66,1.21,1.61,2
1923,7.98,0.95,1.75,2
1924,7.98,4.27,1.47,1
1925,8.81,2.34,0.63,2
1926,4.48,0.38,2.67,1
1927,7.25,2.59,4.46,2
1928,12.46,3.51,2.51,1
1929,9.01,5.04,17.09,1
1930,24.24,4.43,2.98,1
1931,14.01,3.73,2.49,2
1932,18.79,4.9,1.67,1
1933,17.58,2.73,3.13,1
1934,8.26,1.88,4.28,1
1935,13.42,2.55,2.44,2
1936,14.62,5.03,5.63,1
1937,4.02,0.83,0.27,1
1938,18.41,3.42,4.91,1
1939,12.28,4.44,5.45,2
1940,16.34,1.78,3.41,2
1941,9.73,2.79,2.69,2
1942,9.07,2.13,2.81,2
1943,24,4.27,12.53,1
1944,29.44,2.61,5.61,1
1945,9.67,2.11,2.26,2
1946,12.27,0.99,2.98,1
1947,13.65,1.34,6.91,1
1948,19.09,4.37,19.44,1
1949,23.46,1.6,4.28,1
1950,29.62,5.77,18.05,1
1951,7.25,1.9,1.34,1
1952,11.77,2.43,3.5,2
1953,21.08,6.45,6.22,1
1954,9.59,1.81,5.22,2
1955,6.89,2.07,3.86,2
1956,8.34,0.38,2.11,1
1957,6.67,2.11,2,2
1958,9.31,10.38,10.89,1
1959,2.72,0.28,2.05,2
1960,17.95,5.11,4.22,1
1961,6.14,1.77,1.46,2
1962,11.31,3.33,1.86,2
1963,5.03,0.85,4.34,2
1964,6.19,1.39,2.35,2
1965,16.85,8.42,6.04,2
1966,19.07,6.96,4.81,2
1967,10.28,1.91,2.89,1
1968,5.35,1.26,1.69,2
1969,20.11,3.41,7.41,2
1970,11.34,3.76,6.67,2
1971,14.77,2.39,3.6,2
1972,1.81,2.03,1.93,2
1973,17.51,0.99,12.56,1
1974,14.42,0.78,2.97,2
1975,31.47,6.81,1.59,2
1976,14.21,0.67,2.19,2
1977,7.3,1.55,2.16,1
1978,7.97,2.15,5.51,1
1979,11.12,1.88,3.21,2
1980,17.7,1.19,2.23,1
1981,9.12,3.17,2.57,2
1982,5.2,3.11,2.86,2
1983,10.66,2.99,2.29,1
1984,40.09,10.1,12.53,1
1985,38.27,5.74,4.13,2
1986,9.4,2.65,1.46,1
1987,7.67,1.68,3.59,2
1988,15.4,3.41,8.1,2
1989,5.69,2.99,1.85,1
1990,7.75,2.95,1.48,1
1991,15.63,6.66,1.27,1
1992,12.63,2.44,3.4,2
1993,19.44,0.4,6.03,1
1994,16.01,2.11,4.23,1
1995,19.74,2.03,2.11,1
1996,6.22,3.03,2.21,1
1997,10.9,3.07,4.73,1
1998,15.54,3.58,2.84,1
1999,12.88,3.75,1.92,1
2000,29.44,7.47,5.38,2
2001,6.13,3.11,2.62,2
2002,16.26,7.86,6.24,1
2003,6.99,5.69,3.21,1
2004,7.62,1.97,3.7,1
2005,29.23,3.98,4.97,2
2006,11.24,3.25,8.89,1
2007,27.8,4.33,2.86,2
2008,8.78,2.14,2.1,1
2009,8.56,1.33,3.51,2
2010,5.94,1.95,1.63,1
2011,21.01,4.11,5.08,2
2012,17.81,4.48,3.61,1
2013,19.94,3.13,9.15,1
2014,6.41,2.66,4.25,1
2015,12.75,3.09,2.94,1
2016,5.93,2.36,2.71,2
2017,7.35,0.22,2.43,1
2018,5.15,1.56,0.82,2
2019,16.28,3.42,1.6,2
2020,16.34,5.83,5.31,2
2021,10.72,2.33,2.42,1
2022,7.53,1.19,2.02,1
2023,12.19,5.47,8.46,2
2024,9.82,2.55,4.12,2
2025,5.57,2.47,2.59,1
2026,6.61,2.43,5.13,1
2027,11.79,5.67,3.35,2
2028,9.13,0.78,1.65,2
2029,21.6,1.99,4.07,2
2030,22.31,4.62,2.95,2
2031,9.45,2.5,2.95,1
2032,15.27,5.88,9.07,2
2033,24.12,16.39,18.44,1
2034,9.86,3.24,1.45,1
2035,8,3.26,4.67,1
2036,13.83,6.2,7.45,2
2037,15.24,3.44,2.87,1
2038,32.39,4.05,10.66,1
2039,6.63,3.1,2.62,1
2040,13.15,4.17,4.11,1
2041,5.18,2.99,1.7,2
2042,9.55,2.45,1.77,2
2043,16.49,2.76,1.57,2
2044,3.47,2.8,2.34,2
2045,15.79,4.9,4.25,2
2046,6.25,1.04,1.78,1
2047,6.93,1.28,3.67,2
2048,5.9,3.61,1.88,2
2049,3.47,3.14,0.97,1
2050,21.42,2.86,3.93,2
2051,10.4,1.87,1.53,2
2052,17.11,2.46,3.24,2
2053,10.77,2.58,4.87,1
2054,12.56,1.33,3.59,2
2055,34.12,4.25,11.4,2
2056,6.36,2.67,2.26,2
2057,10.87,1.47,2.53,2
2058,12.46,1.5,5.45,2
2059,14.78,0.66,2.91,1
2060,15.86,3.46,7.05,1
2061,9.58,1.17,2.53,1
2062,0.91,2.66,1.18,2
2063,5.92,0.97,1.27,2
2064,8.35,2.71,1.71,2
2065,14.87,7.16,2.92,1
2066,7.43,4.84,3.75,1
2067,13.21,4.95,13.18,2
2068,5.18,1.33,1.62,2
2069,5.91,0.81,2.28,1
2070,15.72,1.95,4.85,1
2071,11.25,0.77,2.61,2
2072,17.76,0.84,3.17,2
2073,1.46,0.16,1,2
2074,11.69,2.4,3.48,1
2075,4.28,3,1.12,1
2076,10.15,2.61,5.6,1
2077,13.26,2.45,4.76,2
2078,6.48,1.55,1.13,2
2079,12.88,2,5.32,2
2080,4.89,2.46,1.6,2
2081,25.8,3.46,8.66,1
2082,9.77,2.93,1.63,1
2083,15.92,2.58,3.68,1
2084,9.5,2.58,1.93,1
2085,12,1.66,6.49,1
2086,20.09,3.93,6.39,2
2087,10.73,3.47,0.84,2
2088,14.15,3.06,1.86,1
2089,12.59,2.13,6.35,1
2090,13.11,2.85,2.5,1
2091,8.27,0.18,2.74,1
2092,9.32,9.66,9.83,2
2093,31.55,3.61,5.65,1
2094,7.88,1.63,1.68,2
2095,13.12,2.65,7.3,2
2096,5.46,2.51,1.32,2
2097,14.74,2,2.88,2
2098,10.52,3.45,2.51,1
2099,12.68,2.75,6.11,2
2100,19.22,3.55,3.8,2
2101,9.5,12.94,6.87,1
2102,18.15,2.34,5.69,2
2103,5.92,2.54,3.48,1
2104,4.03,5.35,2.79,1
2105,18.26,3.28,4.87,1
2106,11.31,2.46,3.42,1
2107,32.36,6.48,18.01,2
2108,4.17,0.8,1.43,1
2109,25.98,3.1,4.32,2
2110,23.92,3.75,2.59,2
2111,3.38,1.57,0.98,2
2112,9.93,0.47,1.72,1
2113,13.04,6.23,3.97,2
2114,18.47,3.68,3.26,2
2115,9.77,3.82,5.81,1
2116,10.55,3.76,4.87,2
2117,19.5,3.66,5,2
2118,11.82,1.85,6,1
2119,8.92,1.22,4.87,1
2120,4.87,2.97,1.64,1
2121,7.06,3.23,1.63,2
2122,10.33,0.73,2.08,1
2123,10.17,1.17,3.49,2
2124,12.8,2.65,3.66,2
2125,18.58,1.3,3.1,1
2126,20.65,2.72,4.75,1
2127,8.48,3.68,5.46,2
2128,18.87,3.5,10.16,2
2129,20.54,3.27,9.56,1
2130,18.96,2.68,7.03,1
2131,3.19,0.59,0.39,1
2132,11.23,2.13,2.81,1
2133,7.33,3.64,1.43,2
2134,18.41,1.89,3.06,1
2135,5.21,1.98,1.47,2
2136,29.31,7.66,6.41,2
2137,18.08,1.46,2.4,2
2138,15.07,3.6,6.51,2
2139,20.01,4.25,4.44,1
2140,7.53,2.14,2,1
2141,11.34,0.82,2.01,1
2142,12.14,4.18,3.61,1
2143,5.49,3.86,2.35,1
2144,17.91,2.6,5.94,2
2145,10.44,1.28,1.31,2
2146,9.42,0.39,2.23,1
2147,9.32,2.31,2.87,1
2148,14.37,2.81,3.86,2
2149,16.07,3.39,3.04,2
2150,11.31,2.12,3.56,2
2151,13.7,0.64,3.52,2
2152,17.36,3.06,2,2
2153,17.33,4.53,5.05,1
2154,8.52,1.83,1.16,1
2155,13.92,3.21,4.08,1
2156,16.55,2.33,2.38,1
2157,8.89,2.94,2.04,1
2158,2.85,3.79,2.46,2
2159,6.69,3.59,2.04,1
2160,16.2,5.43,7.46,2
2161,4.37,2.05,2.19,1
2162,9.03,4.15,2.59,2
2163,15.12,2.42,3.57,2
2164,10.8,3.5,2.67,2
2165,10.17,1.71,2.66,1
2166,24.18,9.16,10.88,2
2167,9.8,1.26,2.84,2
2168,10.82,2.78,2.83,2
2169,11.9,4.21,1.07,2
2170,19.75,1.91,3.53,2
2171,24.99,2.41,4.05,1
2172,27.75,3.58,5.88,2
2173,13.52,7.25,8.48,1
2174,12.47,3.82,1.45,1
2175,2.27,1.87,2.58,2
2176,25.16,4.77,10.35,1
2177,1.64,0.73,2.01,1
2178,8.31,2.72,1.59,1
2179,5.34,2.68,1.89,2
2180,6.56,3.68,1.18,2
2181,14.37,3.22,0.56,2
2182,19.65,5.21,5.34,2
2183,23.5,4.45,4.32,2
2184,11.51,4.02,1.93,1
2185,7.77,0.64,1.14,2
2186,21.65,3.25,7.61,1
2187,14.15,6.45,1.45,2
2188,27.62,1.71,6.19,1
2189,6.78,2.09,1.85,2
2190,29.05,2.57,4.01,2
2191,7.97,0.57,2.19,2
2192,13.62,1.37,2.03,2
2193,13.18,2.89,5.76,1
2194,6.82,0.72,2.66,2
2195,29.18,3.68,2.97,1
2196,9.08,1.69,3.61,1
2197,6.03,1.33,1.39,1
2198,11.44,3.28,4.14,2
2199,6.54,2.78,1.06,1
2200,12.82,1.92,2.74,2
2201,3.68,3.25,3.51,1
2202,8.98,2.84,3.39,2
2203,10.55,1.71,1.62,1
2204,4.67,2.77,3.66,2
2205,26.89,11.81,9.1,1
2206,5.23,3.16,0.66,2
2207,14.17,4.29,4.92,2
2208,13.77,1.64,3.36,2
2209,11.7,1.95,3.16,1
2210,12.32,1.56,3.84,1
2211,9.55,1.93,2.42,2
2212,11.73,2.15,4.42,1
2213,8.46,3.77,2.95,1
2214,25.74,3,9.1,2
2215,10.12,1.97,3.88,1
2216,6.82,2.68,2.1,1
2217,9.64,2.47,3.58,2
2218,6.69,3.23,1.48,2
2219,15.23,3.93,2.41,1
2220,10.17,2.47,1,2
2221,12.89,3.74,3.4,1
2222,12.54,0.48,3.15,1
2223,36.64,3.38,8.23,2
2224,13.37,2.35,3.5,1
2225,5.11,2.46,2.39,2
2226,7.35,2.24,1.2,1
2227,13.47,3.19,9.77,1
2228,3.88,0.79,1.49,1
2229,13.01,2.16,2.23,2
2230,9.07,2.14,4.43,2
2231,7.77,1.69,0.6,1
2232,16.4,2.49,1.97,1
2233,20.86,2,7.37,2
2234,14.3,4.89,7.57,1
2235,8.69,0.99,1.88,1
2236,4.01,2.32,1.37,1
2237,15.46,0.33,3.98,2
2238,9.53,1.43,1.06,2
2239,9.98,1.41,2.8,2
2240,11.32,4.1,2.58,1
2241,19.62,1.33,3.25,2
2242,18.08,5.8,5.75,1
2243,5.49,1.86,5.19,2
2244,10.35,1.93,4.06,2
2245,8.71,0.83,5.12,2
2246,7.85,2.34,2.42,1
2247,14.63,2.82,3.26,2
2248,10.1,3.4,1.96,2
2249,12.23,2.2,3.11,2
2250,11.52,4.25,2.44,1
2251,21.9,2.34,9,2
2252,8.41,5.11,3.41,2
2253,17.55,3.79,4.35,1
2254,7.75,1.95,1.79,2
2255,17.39,4.5,2.77,2
2256,19.31,5.27,5.52,1
2257,13.31,3.14,2.48,2
2258,19.34,3.62,3.78,2
2259,16.75,1.96,4.33,2
2260,6.39,2.05,1.21,1
2261,13.14,3.77,2.16,1
2262,10.99,3.73,4.29,2
2263,10.96,3.03,3.17,1
2264,7.37,0.47,2.72,1
2265,15.63,3.03,3.08,1
2266,19.48,8.74,13.56,1
2267,18.23,2.81,3.02,2
2268,7.07,1.43,1.46,2
2269,2.19,1.62,2.14,2
2270,7.46,3.04,2.59,1
2271,10.54,3.52,2.79,2
2272,13.17,1.08,4.22,2
2273,6.67,3.1,1.3,1
2274,12.58,5.96,4.49,1
2275,7.87,2.94,1.09,2
2276,12.17,3.21,3.37,1
2277,21.01,1.78,4.71,2
2278,7.52,3.11,2.23,2
2279,9.19,1.04,1.9,1
2280,27.69,5.07,7.72,2
2281,7.38,1.05,3.29,1
2282,6.81,1.47,3.45,1
2283,7.55,1.25,2.17,1
2284,10.46,2.46,2.35,1
2285,24.99,1.94,6.48,2
2286,8.99,1.71,2.2,1
2287,18.38,5.03,5.33,1
2288,21.32,6.37,6.11,2
2289,11.44,3.25,1.34,2
2290,19.61,4.66,8.13,2
2291,15.27,2.23,3.54,2
2292,15.93,3.63,2.66,1
2293,12.22,3.5,2.56,1
2294,2.89,3.07,1.41,1
2295,11.12,1.98,3.4,1
2296,7.8,2.18,1.11,1
2297,7.02,1.4,2.3,2
2298,8.05,2.59,0.89,1
2299,8.35,0.82,3.36,1
2300,27.5,6.09,5.31,1
2301,7,0.3,1.38,2
2302,8.82,0.62,5.71,2
2303,12.98,2.26,4.65,1
2304,10.29,1.29,3.86,2
2305,6.74,3.12,4,1
2306,7.56,3.29,5.58,1
2307,10.36,2.43,2.38,1
2308,3.59,0.55,0.18,2
2309,11.95,3.62,5.43,2
2310,4.34,2.39,0.61,1
2311,13.52,1.95,12.77,1
2312,10.31,1.97,2.8,2
2313,6.2,1.78,2.4,1
2314,6.04,1.25,3.24,1
2315,13.78,5.5,5.62,1
2316,7.57,4.25,2.08,2
2317,12.82,3.84,3.01,2
2318,15.48,5.49,15.11,2
2319,5.75,0.56,1.5,2
2320,11.39,2.66,5.2,2
2321,4.52,2.79,2.13,1
2322,14.34,1.17,2.98,1
2323,15.11,5.01,11.14,2
2324,21.91,3.31,11.54,1
2325,22.29,6.47,9.41,1
2326,12.39,2.79,1.36,1
2327,22.45,6.28,4.43,1
2328,3.62,1,2.29,1
2329,9.49,1.71,2.87,1
2330,16.18,1.98,2.87,1
2331,18.52,1.77,9.29,1
2332,9.49,0.84,4.26,2
2333,1.84,1.95,0.5,1
2334,4.1,2.81,2.13,1
2335,2.62,1.85,1.13,2
2336,7.23,2.61,1.53,2
2337,10.72,2.98,4.36,2
2338,13.05,0.15,2.81,2
2339,7.52,2.75,2.31,1
2340,23.7,2.57,7.33,1
2341,21.5,3.15,3.56,1
2342,9.71,2.23,2.8,1
2343,6.26,1.82,2.18,2
2344,14.54,10.45,8.5,1
2345,13.89,3.65,3.6,1
2346,23.93,4.74,7.01,1
2347,3,1.65,0.66,1
2348,14.99,1.75,3.77,1
2349,20,3.94,7.26,1
2350,13.96,7.84,8.29,2
2351,14.81,5.83,12.69,2
2352,24.71,5.49,8.47,2
2353,3.59,3.71,2.45,1
2354,12.34,1.36,1.4,2
2355,12.03,3.28,2.07,1
2356,8.08,4.47,6.69,2
2357,6.31,3.59,1.85,2
2358,16.73,4.07,4.27,2
2359,7.12,4.57,1.67,2
2360,12.97,3.55,4.28,2
2361,28.16,2.83,6.16,2
2362,6.08,2.41,2.44,1
2363,15.07,2.36,2.97,2
2364,21.35,3.58,4.83,2
2365,5.98,1.48,3.04,2
2366,10.22,0.78,1.52,1
2367,8.28,1.08,1.59,1
2368,18.74,5.01,7.42,1
2369,19.35,1.13,1.87,2
2370,5.49,1.83,0.8,1
2371,11.01,5.41,5.34,2
2372,2.59,2.1,0.14,2
2373,11.8,1.2,3.29,1
2374,25.2,1.73,8.93,1
2375,8.61,1.72,3.87,1
2376,11.41,1.59,3.59,2
2377,14.19,3.25,3.4,1
2378,4.62,0.31,2.53,1
2379,6,1.29,1.76,2
2380,9.06,3.95,2.28,2
2381,6.91,1.72,1.56,2
2382,27.48,5.77,6.92,1
2383,16.74,0.41,6.28,1
2384,11.19,0.6,3.26,1
2385,14.93,3.63,3.68,1
2386,12.37,1.73,2.81,2
2387,6.33,2.57,1.3,2
2388,26.16,4.12,5.46,1
2389,5.35,2.49,2.76,1
2390,9.33,3.08,2.22,1
2391,5.81,1.75,2.37,2
2392,5.87,1.32,2.81,1
2393,7.62,3.79,4.39,1
2394,4.95,1.35,0.65,1
2395,12.51,6.24,2.91,2
2396,10.12,1.2,3.19,2
2397,9.15,0.99,2.21,1
2398,19.12,2.45,1.39,1
2399,9.64,0.92,1.07,1
2400,5.56,2.52,1.76,2
2401,29.86,21.17,12.16,1
2402,14.27,0.96,5.4,1
2403,6.11,2.33,3.52,2
2404,5.63,2.3,2.23,1
2405,9.61,4.28,4.47,2
2406,5.11,1.55,1.11,1
2407,15.92,1.67,7.17,2
2408,20.57,4.07,10.76,1
2409,7.98,1.48,1.01,2
2410,14.58,3,1.81,1
2411,29.12,9.96,7.01,1
2412,14.58,7.06,3.45,1
2413,19.34,2.88,1.8,1
2414,12.03,1.47,3.03,2
2415,14.07,1.27,3.49,2
2416,20.25,2.13,3.86,1
2417,21.56,4.86,7.5,1
2418,8.01,0.52,2.83,1
2419,8.49,0.84,3.7,1
2420,6.39,2.27,1.89,1
2421,7.8,2.15,1.47,2
2422,11.23,1.11,5.83,1
2423,6.03,1.6,2.24,2
2424,9.21,1.49,2.74,1
2425,17.99,2.24,5.64,2
2426,26.62,17.43,18.36,2
2427,21.05,3.33,14.18,1
2428,7.09,3.03,0.76,2
2429,9.08,2.22,4.1,2
2430,13.75,2.1,3.36,1
2431,4.03,0.14,1.68,1
2432,4.2,1.83,1.15,1
2433,6.95,2.79,1.81,1
2434,11.52,2.64,5.04,2
2435,16.11,7.33,8.81,2
2436,3.72,1.91,2.45,2
2437,15.53,4.94,4.89,2
2438,8.3,3.74,3.63,2
2439,21.02,7.92,5.11,1
2440,16.45,2.63,3.8,1
2441,15.88,3.98,1.82,2
2442,10.18,1.69,0.79,1
2443,7.38,2.6,2.77,1
2444,20.7,8.58,28.64,1
2445,15.32,5.11,5.64,2
2446,21.19,2.73,3.85,2
2447,5.44,1.9,1.58,2
2448,15.86,2.89,3.37,2
2449,4.41,1.34,0.48,1
2450,3.92,2.15,2.78,2
2451,3.76,1.75,0.69,1
2452,19.26,2.79,4.2,1
2453,4.81,1.92,2.26,2
2454,12.79,2.58,4.6,2
2455,19.36,7.57,6.35,2
2456,19.12,1.23,8.75,2
2457,24.44,3.98,4.52,1
2458,19.11,3.2,3.28,2
2459,23.62,5.63,10.39,1
2460,8.53,2.66,2.33,1
2461,3.75,1.2,2.12,2
2462,5.34,1.83,1.75,1
2463,19.84,3.43,3.14,2
2464,9.56,0.38,1.96,2
2465,14.1,2.6,1.07,2
2466,5.55,2.88,1.18,1
2467,11.76,2.51,2.84,2
2468,2.86,1.93,2.2,1
2469,12.75,7.71,3.83,1
2470,5.33,1.89,2.38,2
2471,10.6,3.86,4.55,2
2472,10.89,2.48,3.69,2
2473,7.52,1.82,2.47,1
2474,44.48,15.43,16.13,2
2475,1.47,2.97,2.84,2
2476,4.42,1.26,0.7,2
2477,8.15,3.85,2.18,1
2478,8.54,1.04,1.95,1
2479,7.78,2.96,3.22,2
2480,4.01,0.48,0.89,1
2481,10.53,4.02,3.07,1
2482,34.03,8.06,10.92,2
2483,17.4,5.06,4.1,1
2484,6.81,2.16,1.17,2
2485,11.78,1.96,6.02,1
2486,21.53,2.05,4.63,2
2487,7.7,1.28,1.27,1
2488,6.28,1.9,5.33,1
2489,8.96,1.21,1.92,1
2490,8.01,2.05,3.15,1
2491,7.26,1.18,4.66,1
2492,8.28,2.48,2.3,2
2493,3.94,2.53,1.33,1
2494,20.3,7.67,6.71,1
2495,23.95,4.61,9.11,2
2496,17.01,2.28,5.26,1
2497,19.61,3.58,5.46,1
2498,13.69,4.14,2.45,1
2499,13.38,1.73,2.65,1
2500,11.37,1.75,0.99,1
2501,9.52,1.52,2.56,2
2502,3.38,1.24,0.5,2
2503,12.15,1.21,3,1
2504,29.94,6.08,17,2
2505,19.1,4.29,4.78,2
2506,14.84,1.93,6.97,2
2507,8.75,1.86,2.75,2
2508,9.71,3.23,5.49,1
2509,7.52,0.91,2.91,2
2510,5.23,2.53,1.42,2
2511,7.53,2.9,1.9,1
2512,14.07,1.39,10.73,2
2513,10.53,4.2,1.17,2
2514,14.15,4.27,2.53,2
2515,25.71,2.77,5.01,1
2516,8.42,0.63,4.18,2
2517,7.44,1.39,1.04,1
2518,5.11,2.56,2.03,2
2519,24.83,6.76,8.71,1
2520,31.77,6,12.24,2
2521,16.34,1.91,3.69,1
2522,5.06,1.23,4.63,1
2523,8.87,2.04,2.24,2
2524,7.45,2.41,1.45,2
2525,21.6,3.56,5.93,2
2526,4.53,0.22,1.82,1
2527,3.16,1.67,0.41,2
2528,4.25,0.34,1.99,1
2529,6.27,0.46,2.43,1
2530,21.74,9.15,10.41,1
2531,25.56,9.06,10.27,1
2532,9.1,2.61,1.1,1
2533,11.04,3.2,4.81,2
2534,15.58,3.24,2.84,1
2535,18.9,5.55,6.29,2
2536,8.93,1.28,2.84,1
2537,5,1.87,1.55,1
2538,10.82,6.04,8.91,2
2539,7.65,3.61,1.73,2
2540,7.89,1.59,1.55,2
2541,18.32,7.55,9.68,2
2542,10.25,2.75,2.35,1
2543,21.51,3.19,12.37,2
2544,31.22,3.9,4.95,2
2545,10.88,16.75,14.05,2
2546,18.64,5.48,6.08,2
2547,7.7,1.48,2.54,2
2548,14.65,2.55,1.82,2
2549,16.19,5.6,4.5,1
2550,19.57,3.9,2.43,1
2551,2.77,1.89,5.23,1
2552,15.81,2.04,3.53,2
2553,13.22,4.42,2.64,1
2554,9.89,2.26,2.68,1
2555,16.13,4.59,3.7,2
2556,12.85,1.31,2.61,2
2557,7.86,2.77,11.53,1
2558,21.79,2.17,2.5,2
2559,16.79,4.85,2.16,2
2560,5.76,1.69,2.19,1
2561,5.34,0.41,1.26,2
2562,12.69,1.07,2.2,1
2563,5.12,1.31,1.11,2
2564,9.38,1.9,2.45,2
2565,26.37,5.15,4.15,1
2566,27.92,1.9,2.97,1
2567,18.19,18.59,24.7,2
2568,7.92,0.67,1.34,1
2569,22.96,3.37,10.46,1
2570,4.73,2.25,1.26,1
2571,23.27,3.58,4.36,1
2572,7.58,1.58,3.14,1
2573,11.55,1.33,4.63,1
2574,5.1,1.86,1.49,2
2575,7.13,2.97,1.31,1
2576,7.8,2.83,6.13,2
2577,18.07,2.97,4.21,2
2578,15.67,2.79,3.67,1
2579,15.13,1.39,20.02,2
2580,16.77,5.21,5.73,2
2581,9.52,2.08,2.28,1
2582,13.21,1.89,2.19,1
2583,9.96,3.77,2.95,2
2584,6.64,1.64,2.59,1
2585,11.99,5.34,6.51,1
2586,8.04,2.06,2.41,2
2587,6.17,1.42,1.68,2
2588,25.86,8.57,6.57,2
2589,16.44,3.64,3.28,1
2590,3.59,2.69,0.4,1
2591,6.13,3.05,2.98,2
2592,27.81,4.55,21.92,2
2593,35.4,2.75,7.87,2
2594,17.56,7.54,5.83,2
2595,22.23,2.68,2.42,1
2596,8.75,2.77,1.71,1
2597,7.73,5.9,4.22,2
2598,15.12,2.82,11.57,1
2599,21.79,2.6,3.44,2
2600,21.06,5.1,3.49,1
2601,10.23,1.86,2.32,1
2602,19.22,4.01,6.93,2
2603,8.18,4.3,11.92,1
2604,18.77,2.69,3.62,2
2605,19.44,0.97,3.14,1
2606,19.97,3.13,6.38,2
2607,6.95,2.65,5.25,1
2608,8.13,2.7,1.18,1
2609,18.59,2.92,3.41,1
2610,10.74,1.14,6.64,2
2611,20.52,2.23,2.61,1
2612,14.2,3.39,5.22,1
2613,7.32,3.33,1.01,1
2614,12.3,2.18,2.09,2
2615,13.3,4.16,3.66,1
2616,18.17,1.11,9.01,2
2617,18.78,3.78,7.44,1
2618,7.14,0.76,2.2,2
2619,6.12,0.56,2.21,2
2620,4.94,2.46,1.44,2
2621,18.63,1.9,4.85,1
2622,7.74,0.76,2.46,1
2623,8.63,1.13,2.12,1
2624,6.21,1.61,1.26,2
2625,6.22,1.23,1.62,1
2626,8.21,3.05,2.5,1
2627,6.84,0.64,5.18,1
2628,14.7,3.58,2.61,1
2629,10.46,5.27,16.22,1
2630,25.66,4.04,3.98,1
2631,15.8,4.27,2.81,1
2632,15.3,4.61,2.76,1
2633,21.66,0.49,4.85,1
2634,11.56,0.77,2.61,2
2635,14.31,2.26,2.03,2
2636,16.49,5.13,5.26,2
2637,4.52,2.77,1.36,1
2638,17.27,3.19,6.31,1
2639,11.69,3.5,5.81,1
2640,18.49,1.66,1.97,1
2641,11.05,4.27,2.78,1
2642,8.82,3.05,2.27,2
2643,20.27,4.44,12.25,1
2644,31.05,1.02,5.24,1
2645,10.07,0.55,2.62,1
2646,10.42,2.96,3.03,1
2647,13.95,2.69,6.38,1
2648,18.1,4.2,18.98,1
2649,26.42,0.32,5.3,1
2650,28.1,6.52,18.44,2
2651,3.17,2.29,2.05,1
2652,11.26,2.43,3.93,1
2653,19.48,6.89,7.78,2
2654,9.8,3,4.93,1
2655,9.39,2.73,3.67,2
2656,11.17,0.72,2.28,1
2657,3.97,1.24,1.7,1
2658,10.74,9.77,11.72,1
2659,7.25,1.15,2.08,2
2660,13.76,5.82,3.58,2
2661,5.23,2.83,1.77,1
2662,9.88,1.81,1.16,1
2663,6.16,3.14,5.5,1
2664,3,2.98,2.25,1
2665,17.41,7.16,4.76,2
2666,17.01,6,6.02,2
2667,9.83,3.81,4.12,2
2668,8.03,1.21,0.78,2
2669,22.54,5.71,6.31,1
2670,11.14,3.65,7.68,1
2671,16.3,2.77,3.6,1
2672,2.13,2.19,0.85,1
2673,16.71,2.18,13.2,2
2674,12.76,2.75,2.67,2
2675,32.22,6.58,2.38,1
2676,11.62,2.86,2.09,2
2677,10.55,1.19,0.92,1
2678,8.39,1.59,7.18,2
2679,12.56,0.73,3.6,2
2680,15.03,0.98,3.33,1
2681,5.91,3.46,1.24,2
2682,8.62,3.13,1.24,2
2683,11.31,3.49,2.06,2
2684,39.74,8.76,11.49,2
2685,33.69,4.17,3.71,2
2686,7.51,3.39,1.42,1
2687,9.19,3.06,3.88,2
2688,15.06,3,8.51,1
2689,6.58,3.66,3.56,1
2690,10.36,2.97,2.61,1
2691,14.55,7.93,1.67,1
2692,10.54,0.72,3.11,1
2693,17.04,1.55,4.92,1
2694,13.12,1.02,2.96,2
2695,15.02,3.16,1.1,1
2696,6.42,0.89,2.34,1
2697,11.01,1.91,3.09,2
2698,18.71,5.05,1.87,2
2699,9.87,2.09,2,2
2700,26.3,7.85,5.37,1
2701,7.14,5.21,2.2,2
2702,17.73,9.22,5.83,2
2703,7.67,4.39,3.59,1
2704,5.41,0.53,2.28,1
2705,29.27,4.74,5.26,2
2706,11.72,3.37,8.53,2
2707,26.17,4.91,3.03,2
2708,7.91,1.43,2.1,1
2709,9.04,3.73,2.11,1
2710,5.83,1.55,2.3,1
2711,23.52,1.72,4.37,1
2712,17.97,3.35,3.14,2
2713,17.65,3.67,9.11,2
2714,6.83,2.21,4.51,1
2715,10.45,1.73,4.05,2
2716,10.08,3.33,3.25,2
2717,7.01,2.79,2.88,1
2718,8.55,2.17,0.67,2
2719,12.93,3.18,1.76,1
2720,16.47,5.73,5.67,2
2721,10.43,1.97,3.04,2
2722,9.74,2.52,1.76,2
2723,10.31,4.21,7.17,1
2724,8.46,1.08,4.53,2
2725,10.08,2.36,3.03,2
2726,5.03,3.5,4.47,1
2727,12.54,3.84,2.59,1
2728,11.07,3.07,1.94,1
2729,19.86,2.36,3.52,1
2730,22.01,3.47,3.12,2
2731,9.22,4.69,3.59,2
2732,18.87,8.02,9.48,2
2733,25.15,15.06,17.62,1
2734,12.69,2.93,1.98,2
2735,5.35,2.63,4.8,1
2736,15.17,6.86,7.86,1
2737,14.3,2.7,2.97,1
2738,32.86,5.51,9.74,1
2739,9.75,2.7,1.45,1
2740,12.59,3.37,2.74,2
2741,4.74,0.73,1.99,2
2742,8,2,1.73,1
2743,12.36,4.45,1.09,2
2744,6.88,0.88,0.83,1
2745,16.57,6.65,5.6,1
2746,4.15,1.59,1.01,2
2747,10.75,0.33,3.66,2
2748,6.92,0.9,1.69,2
2749,5.66,1.18,1.61,2
2750,22.6,3.91,5.05,2
2751,7.12,1.06,2.69,1
2752,16.1,4.17,1.39,1
2753,9.61,2.37,4.79,1
2754,12.33,1.31,2.9,2
2755,34.54,1.97,10.74,2
2756,3.98,0.44,1.18,2
2757,7.07,3.29,2.64,1
2758,13.06,3.21,6.57,1
2759,16.37,2.28,3.55,2
2760,15.88,2.93,7.51,1
2761,9.71,2.9,2.76,2
2762,3.8,2.84,1.88,1
2763,7.68,3.37,1.78,2
2764,12.91,3.75,1.61,2
2765,14.84,6.56,3.84,2
2766,6.25,5.42,3.4,1
2767,14.82,4.05,13.59,1
2768,4.37,1.61,1.03,1
2769,5.78,1.77,1.46,1
2770,16.02,3.49,5.01,2
2771,6.76,2.6,1.29,2
2772,16.16,0.78,3.09,2
2773,3.68,2.55,0.59,2
2774,14.92,3.16,4.2,1
2775,6.82,1.73,0.55,2
2776,8.91,2.16,5.29,1
2777,13.15,2.62,4.53,1
2778,5.3,0.53,1.84,2
2779,12.22,1.33,4.76,2
2780,5.16,3.08,2.9,1
2781,26.79,2.22,7.47,1
2782,10.81,1.71,2.86,2
2783,11.55,1.29,3.36,2
2784,11.05,0.44,2.04,1
2785,13.61,0.88,4.82,2
2786,17.45,3.87,6.13,1
2787,8.38,3.65,1.18,2
2788,13,3.18,1.77,2
2789,11.5,4.12,6.16,2
2790,15.42,2.7,2.54,2
2791,10.78,1.43,3,2
2792,10.35,9.85,10.77,2
2793,33.18,4.31,5.65,2
2794,8.81,0.29,0.76,1
2795,12.24,2.83,6.32,1
2796,6,1.31,2.86,2
2797,16.3,2.83,3.83,1
2798,8.02,1.42,2.18,1
2799,8.47,3.11,5.36,2
2800,14.92,5.01,3.71,2
2801,13.67,11.84,5.25,1
2802,18.06,1.7,5.64,2
2803,7.93,1.88,2.76,1
2804,3.53,5.01,1.44,1
2805,18.86,1.95,4.49,1
2806,11.67,1.47,3.46,1
2807,31.39,6.67,18.01,2
2808,7.48,2.53,1.6,1
2809,27.97,1.63,3.99,2
2810,20.27,4.13,3.61,2
2811,2.33,0.37,1.69,2
2812,9.54,0.5,1.13,1
2813,10.24,5.68,4.44,2
2814,19.6,2.36,3.9,2
2815,13.65,5.91,5.41,1
2816,8.72,1.49,3.47,2
2817,20.01,3.77,4.29,2
2818,10.09,1.86,4.37,1
2819,8.56,0.68,4.11,2
2820,3.77,2.03,1.47,1
2821,6.32,2.5,1.71,2
2822,10.47,2.59,2.53,2
2823,12.55,2.94,2.36,2
2824,13.92,3.1,3.06,1
2825,18.59,0.35,3.96,1
2826,18.59,4.68,3.5,1
2827,9.05,2.87,4.69,2
2828,19.22,2.25,10.99,2
2829,22.68,5.22,8.88,1
2830,14.73,2.65,6.17,1
2831,7.02,1.81,1.46,1
2832,13.81,4.1,1.86,2
2833,8.79,2.74,2.17,2
2834,17.21,1.76,4.34,1
2835,3.11,0.61,2.4,1
2836,29.18,8.25,7.23,2
2837,19.9,3.89,2.88,2
2838,18.64,5.31,5.24,2
2839,17.37,3.36,4.49,2
2840,8.45,2.92,2.24,2
2841,6.68,1.1,2.64,1
2842,8.18,4.52,3.6,2
2843,4.93,2.38,2.38,1
2844,17.59,2.94,5.06,1
2845,7.84,2.47,1.85,1
2846,8.49,2.35,2.92,1
2847,5.39,0.64,1.56,2
2848,11.29,1.7,4.29,1
2849,15.05,2.24,2.37,2
2850,7.91,0.5,3.66,2
2851,14.4,1.14,3.95,1
2852,16.87,3.01,2.14,2
2853,17.01,3.86,4.31,2
2854,4.76,1.09,1.17,2
2855,11.96,0.88,2.63,2
2856,15.43,3.35,3.16,1
2857,7.06,1.52,1.66,2
2858,6.3,2.52,1.67,1
2859,3.33,3.28,2.61,1
2860,14.5,4.26,8.75,1
2861,6.29,0.99,1.33,1
2862,11.05,4.4,3.25,2
2863,17.14,3.52,3.75,1
2864,10.97,5.14,2.95,2
2865,11.5,3.74,2.54,1
2866,23.56,8.55,11.51,1
2867,10.37,1.28,1.29,1
2868,10.65,2.97,3.31,1
2869,10.7,3.54,2.3,2
2870,20.95,0.94,3.2,1
2871,25.14,1.74,4.34,1
2872,27.69,5.37,5.24,2
2873,14.73,7.11,8.58,1
2874,15.45,3.75,2.39,1
2875,6.19,0.43,2.09,2
2876,25.7,6.41,8.87,1
2877,3.39,2.74,0.42,2
2878,7.9,0.74,2.9,2
2879,7.51,1.83,2.27,1
2880,6.08,2.08,1.66,1
2881,12.81,3.46,0.59,1
2882,20.02,5.67,5,1
2883,20.01,4.97,4.99,1
2884,11.55,4.76,2.79,1
2885,8.99,1.03,2.16,2
2886,23.41,2.85,7.16,1
2887,14.43,4.49,2.68,2
2888,28.39,3.05,7.7,2
2889,3.69,3.08,1.99,2
2890,30.63,4.25,3.63,1
2891,6.99,0.24,1.71,2
2892,14.24,3.02,2.71,2
2893,11.55,3.27,4.82,2
2894,9.61,3.17,2.63,2
2895,26.89,3.71,3.74,1
2896,5.92,1.6,3.12,1
2897,5.34,3.33,2.3,2
2898,7.95,1.44,3.79,1
2899,11.04,2.88,1.84,2
2900,11.62,1.99,1.97,1
2901,4.36,3.47,3.32,1
2902,10.96,1.13,3.8,1
2903,6.44,0.97,1.45,2
2904,5.12,2.23,3.19,2
2905,27.92,11.28,8.01,2
2906,7.27,2.67,0.77,2
2907,11.33,3.55,3.86,1
2908,18.28,2.02,2.65,1
2909,12.2,4.19,4.76,2
2910,13.61,1.38,4.64,2
2911,5.98,3.42,2.97,2
2912,10.81,3.15,4.57,2
2913,8.6,1.85,1.03,2
2914,23.08,4.86,9.49,1
2915,13.22,2.8,3.83,1
2916,9.5,1.07,3,1
2917,11.15,4.31,3.18,1
2918,3.54,1.68,3.35,1
2919,13.77,1.56,4.14,1
2920,8.71,2.38,2.16,1
2921,14.47,2.87,3.32,2
2922,12.66,1.93,2.18,2
2923,37.22,3.94,8.75,1
2924,17.33,1.76,2.3,1
2925,5.4,1.71,1.54,2
2926,7.06,2.23,1.86,2
2927,16.97,2.5,9.57,2
2928,1.73,1.76,1.17,2
2929,13.45,0.79,2.98,2
2930,10.66,1.92,2.68,1
2931,6.11,2.07,2.43,2
2932,16.22,1.39,2.09,1
2933,20.62,0.74,5.57,1
2934,15.52,3.5,6.6,1
2935,9.12,0.66,2.53,1
2936,4.86,3.08,2.55,2
2937,16.04,3.25,4.19,1
2938,6.11,1.14,2.4,2
2939,9.94,1.23,2.17,2
2940,8.78,1.95,2.4,1
2941,19.35,1.91,2.98,1
2942,18.04,5.72,6.1,2
2943,6.34,2.5,6.5,2
2944,13.26,0.27,3.12,2
2945,9.22,0.94,4.15,2
2946,5.76,1.16,1.67,1
2947,12.68,1.24,3.66,1
2948,13.32,1.94,1.89,2
2949,12.73,0.72,2.1,2
2950,9.5,2.29,2.39,1
2951,18.72,2.93,8.11,1
2952,9.61,2.85,3.76,2
2953,20.75,1.62,2.44,1
2954,8.34,2.36,1.88,1
2955,16.78,3.5,2.89,1
2956,21.84,3.64,5.83,2
2957,11.38,3.59,2.41,1
2958,17.06,3.91,3.5,1
2959,16.01,1.38,2.86,1
2960,6.67,1.6,2.09,1
2961,11.94,4.07,1.01,2
2962,12.28,1.18,4.23,1
2963,9.5,0.89,3.49,2
2964,7.37,0.62,2.73,1
2965,14.98,0.93,3.64,2
2966,23.53,6.5,14.92,2
2967,17.69,1.67,2.66,1
2968,9.4,2.54,1.76,2
2969,2.42,2.15,2.39,2
2970,8.75,2.41,3.12,2
2971,13.05,0.99,1.74,2
2972,14.2,1.43,3.01,1
2973,9.53,1.66,0.93,2
2974,9.06,4.83,3.82,2
2975,7.67,2.86,1.53,1
2976,10.46,1.3,1.86,2
2977,21.59,0.74,4.53,1
2978,9.78,1.4,3.83,1
2979,13.5,1.79,1.94,2
2980,23.24,3.64,7.45,1
2981,9.72,2.23,2.2,2
2982,8.45,3.74,4.27,1
2983,5.43,1.82,2.3,2
2984,8.23,3.5,2.93,1
2985,26.11,3.84,6.59,1
2986,12.83,3.31,2.07,2
2987,15.64,3.99,4.71,2
2988,18.44,5.5,6.37,2
2989,9.7,2.68,1.85,2
2990,20.37,5.71,8.43,1
2991,16.94,1.5,3.15,2
2992,12.01,0.92,3.05,1
2993,11.87,1.79,2.83,1
2994,6.06,1.1,1.56,1
2995,11.18,0.35,4.43,1
2996,5.62,2.65,1.06,1
2997,10.9,2.01,0.89,1
2998,7.67,2.21,1.79,1
2999,7.09,2.83,2.94,2
3000,24.69,5.87,5.11,2
3001,8.39,0.55,0.66,2
3002,9.53,1.17,6.45,2
3003,12.03,2.64,4.32,2
3004,14.41,1.75,3.39,2
3005,8.01,3.09,4.58,1
3006,7.9,5.06,5.29,2
3007,10.74,2.57,2.3,1
3008,2.26,1.83,1.53,1
3009,11.21,2.78,6.02,1
3010,3.09,2.79,1.34,1
3011,16.91,2.2,14.06,2
3012,12.46,2.46,4.23,2
3013,9.09,0.5,1.2,1
3014,8.38,1.22,2.17,1
3015,13.18,5.97,4.96,2
3016,6.87,3.66,2.17,2
3017,13.55,2.96,3.33,2
3018,12.44,5.48,15.77,2
3019,4.82,1.1,2.45,1
3020,10.22,3.45,4.32,2
3021,5.79,0.6,1.63,1
3022,14.97,1.94,1.45,2
3023,15.83,4.27,11.58,2
3024,23.7,5.88,11.16,2
3025,22.02,6.98,9.29,2
3026,10.09,2.19,2.68,1
3027,22.97,3.88,4.37,1
3028,5.2,1.04,1.74,2
3029,6.31,3.05,1.15,1
3030,15.15,1.32,4.15,1
3031,16.48,2.8,9.51,1
3032,11.99,1.47,2.81,2
3033,2.18,2.37,0.6,1
3034,4.27,0.8,0.89,1
3035,2.75,2.78, ,2
3036,8.72,0.59,2.04,1
3037,13.15,2.1,2.87,1
3038,9.34,2.61,2.05,1
3039,6.41,0.93,3.66,1
3040,23.82,3.82,6.56,2
3041,19.05,1.43,3.7,1
3042,10.69,2.86,3.32,2
3043,6.14,3.19,1.3,1
3044,14.8,10.4,8.2,2
3045,15.16,2.77,4.12,1
3046,24.89,3.06,5.71,1
3047,5.03,2.72,0.94,2
3048,16.98,2.15,2.81,2
3049,23.31,3.49,7.28,1
3050,13.53,4.87,9.26,1
3051,15.12,4.47,14.34,1
3052,23.97,3.83,9.18,2
3053,6.09,2.29,2.19,1
3054,11.89,2.13,1.53,1
3055,13.84,2.4,2.35,2
3056,12.72,2.77,5.81,1
3057,7.3,3.03,3.27,1
3058,17.75,2.35,5.17,2
3059,4.79,4.29,1.16,2
3060,12.9,1.31,3.38,2
3061,28.21,4.87,6.58,1
3062,5.99,3.4,2.74,2
3063,12.65,2.19,3.72,1
3064,23.69,3.65,5.35,2
3065,9.77,2.02,1.79,1
3066,8.52,0.77,1.42,2
3067,7.2,0.68,1.83,2
3068,14.94,3.23,6.6,1
3069,19.01,1.16,2.79,1
3070,6.15,1.26,1.7,1
3071,7.96,4.22,6.8,2
3072,5.02,2.07,1.92,2
3073,13.94,3.69,3.07,1
3074,23.28,2.45,7.41,2
3075,12.07,1.93,2.12,2
3076,11.06,1.56,1.89,1
3077,15.28,4.39,3.34,2
3078,4.56,0.75,1.98,2
3079,6.82,1.01,0.44,1
3080,12.33,3.11,1.54,1
3081,8.49,1.18,1.6,2
3082,26.52,5.97,5.66,1
3083,14.59,2.79,6.02,2
3084,14.87,2.94,3.27,1
3085,18.55,2.23,2.77,2
3086,10.58,1.48,3.33,1
3087,8.91,2.72,2.3,2
3088,26.65,3.22,4,2
3089,5.89,1.37,1.48,2
3090,7.52,2.63,3.29,2
3091,4.98,2.68,3.06,1
3092,8.65,3.19,3.21,1
3093,3.93,3.36,3.72,1
3094,6.47,0.89,1.73,1
3095,10.78,3.82,3.54,2
3096,9.46,3.5,2.87,2
3097,13.61,0.79,2.61,2
3098,21.54,4.11,2.54,1
3099,9.77,2.69,2.57,1
3100,2.52,2.34,0.53,1
3101,30.09,22.27,12.33,2
3102,10.42,3.2,6.43,2
3103,5.63,2.94,4.18,1
3104,6.04,1.82,2.71,2
3105,10.08,3.73,4.21,1
3106,2.72,0.38,1.02,1
3107,18.32,3.01,7.33,1
3108,24.05,4.42,11.33,1
3109,9.19,2,0.77,1
3110,10.69,1.49,1.62,2
3111,31.45,11.01,7.08,2
3112,16.86,5.53,3.52,1
3113,19.32,1.33,1.71,2
3114,13.99,3.76,3.42,2
3115,15.76,3.99,3.04,2
3116,19.56,3.2,2.46,2
3117,23.96,5.36,6.98,1
3118,9.95,2.37,2.97,1
3119,9.96,0.41,3.25,1
3120,6.14,2.2,2.87,2
3121,7.76,2.87,1.05,1
3122,12.81,2.15,6.21,1
3123,6.07,2.71,2.15,1
3124,9.69,3.25,1.74,2
3125,20.4,3.97,4.32,2
3126,31.08,15.54,17.61,2
3127,19.64,5.68,14.2,1
3128,7.27,2.17,0.75,2
3129,9.05,0.96,3,2
3130,15.75,3.65,3.32,2
3131,2.08,0.5,0.34,2
3132,6.77,0.57,1.81,1
3133,5.07,2.58,1.94,1
3134,14.43,3.18,5,1
3135,16.89,5.77,8.27,1
3136,7.5,1.89,2.76,2
3137,19.52,4.51,4.54,2
3138,9.82,1.07,2.49,2
3139,20.23,6.87,5.53,2
3140,17.22,1.35,5.35,2
3141,13.61,2.91,2.98,2
3142,9.75,1.3,2.55,1
3143,5.01,1.64,2.25,1
3144,18.36,10.22,28.53,2
3145,15.47,4.58,6.4,2
3146,20.39,2.08,2.9,2
3147,8.61,1.19,1.18,2
3148,12.59,3.88,2.7,2
3149,3.3,0.75,1.78,2
3150,5.14,2.64,3.01,1
3151,3.34,0.68,0.9,2
3152,23.59,2.93,3.26,2
3153,5.29,2.07,1.05,2
3154,8.68,2.93,4.31,1
3155,19.6,9.13,5.11,1
3156,18.53,2.99,9.34,2
3157,27.81,2.72,5.02,1
3158,18.41,0.65,3.01,1
3159,25.6,4,10.61,1
3160,10.58,2.74,0.96,1
3161,5.69,0.44,0.62,1
3162,1.9,1.44,1.46,1
3163,22.11,2.5,2.8,2
3164,11.59,1.78,2.21,1
3165,17.31,4.38,0.9,2
3166,3.86,1.78,1,2
3167,12.9,3.07,2.18,1
3168,3.35,1.32,1.57,2
3169,14.05,5.59,2.81,1
3170,7.16,1.37,2.17,1
3171,10,2.27,3.84,2
3172,11.11,2.21,2.58,2
3173,5.59,2.84,1.46,1
3174,44.36,15.26,16.36,2
3175,1.81,3.03,2.82,1
3176,5.12,2.97,1.91,2
3177,7.67,2.61,2.19,1
3178,9.31,1.21,1.28,2
3179,6.26,3.1,2.29,2
3180,3.92,0.76,0.76,1
3181,12.04,4.26,2.78,1
3182,32.76,7.38,9.91,2
3183,16.58,6.3,4.66,2
3184,5.27,2.26,1.23,2
3185,11.77,1.41,5.47,1
3186,22.1,4.25,6.14,1
3187,7.81,1.07,2.9,2
3188,6.61,2.32,5.23,1
3189,6.53,2.8,2.11,2
3190,9.7,3.46,4.25,1
3191,4.6,0.89,4.01,2
3192,9.53,1.18,1.96,1
3193,3.68,2.88,2.48,2
3194,21.03,8.6,6.6,2
3195,21.09,3.37,8.36,2
3196,16.19,2.47,4.73,1
3197,18.25,3.89,5.42,1
3198,14.09,4.29,2.26,1
3199,10.82,3.71,2.34,1
3200,10.31,1.12,0.95,1
3201,11.21,0.99,2.32,2
3202,1.66,0.67,0.62,1
3203,12.22,3.67,3.37,2
3204,31.13,6.75,16.19,2
3205,19.36,4.73,5.01,1
3206,11.45,2.86,7.74,2
3207,7.15,2.48,1.55,2
3208,9.07,2.35,5.85,2
3209,8.1,2.11,1.54,2
3210,7.01,2.96,2.14,1
3211,5.47,4.22,3.01,2
3212,16.12,3.99,9.78,2
3213,7.45,2.94,1.82,2
3214,13.34,4.28,1.6,2
3215,25.73,4.92,5.65,2
3216,7.55,2.55,4.23,2
3217,5,0.23,2,1
3218,4.98,0.9,3.26,1
3219,25.9,5.99,9.94,2
3220,34.26,3.84,12.03,1
3221,16.89,2.22,1.92,2
3222,7.85,1.89,3.31,1
3223,7.72,3.13,1.82,2
3224,5.16,0.91,1.99,1
3225,21.97,1.02,5.25,1
3226,5.35,0.37,1.13,1
3227,6.25,2.43,0.72,1
3228,0.69,0.17,1,2
3229,7.44,1.22,1.9,1
3230,23.7,8.12,10.39,1
3231,26.57,8.8,11.11,2
3232,5.22,1.27,1.22,1
3233,9.4,3.42,4.83,2
3234,17.3,3.3,2.6,1
3235,19.02,6.29,7.57,2
3236,7.43,2.09,2.49,1
3237,4.44,2.99,0.82,1
3238,11.38,5.43,7.65,1
3239,4.33,1.5,1.88,2
3240,7.93,2.92,3.07,2
3241,16.59,5.58,11.16,1
3242,11.86,3.96,2.3,2
3243,21.52,3.78,11.16,1
3244,31.71,3.47,4.51,2
3245,11.2,17.42,13.68,1
3246,15.25,5.06,4.54,1
3247,8.31,2.06,2.32,1
3248,12.9,3.85,1.03,1
3249,18.02,3.77,3.35,1
3250,20.37,3.41,2.76,2
3251,6.8,2.83,5.69,1
3252,12.39,0.83,2.09,1
3253,13.76,5.08,3.63,1
3254,8.58,1.73,2.6,1
3255,18.08,3.82,3.2,1
3256,15.73,1.51,3.13,1
3257,10,2.04,10.91,2
3258,19.39,2.62,3.27,2
3259,17.07,3.38,2.06,1
3260,9.32,0.48,2.29,2
3261,5.9,1.26,2.29,1
3262,12.56,2.73,2.38,2
3263,6.5,2.53,2.31,2
3264,10.17,3.47,1.62,2
3265,25.44,4.45,5.56,2
3266,27.68,3.68,4.01,2
3267,21.01,16.5,24.47,1
3268,9.23,2.92,2.19,2
3269,20.08,2.31,11.05,2
3270,5.23,1.95,1.39,2
3271,24.27,3.85,3.22,1
3272,11.43,2.3,1.78,1
3273,11.85,0.75,3.27,1
3274,9.35,2.15,2.06,1
3275,3.46,2.69,2.3,2
3276,11.77,1.98,5.9,2
3277,17.14,2.5,3.57,2
3278,11.06,1.53,3.12,2
3279,14.58,1.47,19.27,1
3280,17.38,7.2,5.24,2
3281,6.46,1.61,2.44,2
3282,12.66,2.39,3.3,1
3283,12.27,1.55,1.82,2
3284,5.24,1.29,1.41,1
3285,11.12,4.46,7.95,1
3286,9.8,1.61,2.38,1
3287,7.11,0.48,1.85,1
3288,23.71,7.17,6.81,1
3289,15.67,4.27,3.02,2
3290,1.22,1.56,2.14,2
3291,4.74,1.37,1.46,1
3292,28.08,4.28,20.85,2
3293,35.08,5.11,7.24,1
3294,16.83,6.65,6.34,2
3295,18.7,3.4,2.69,2
3296,9.68,2.31,2.49,1
3297,8.69,4.21,4.35,1
3298,16.8,3.16,9.71,2
3299,23.17,0.72,3.65,1
3300,24.05,6.43,3.28,2
3301,9.26,3.18,2.4,2
3302,18.89,4.38,7.04,2
3303,12.39,5.91,13.37,2
3304,18.02,3.27,2.8,1
3305,19.15,1.99,3.63,1
3306,22.32,2.63,4.99,2
3307,8.05,0.55,3.83,1
3308,3.54,1.05,0.75,1
3309,16.19,1.24,2.86,2
3310,8.74,0.93,6.6,1
3311,19.23,3.08,3.08,1
3312,11.69,3.31,5.05,1
3313,7.02,1.23,0.9,1
3314,12.64,0.75,2.75,2
3315,9.31,1.67,4.25,1
3316,16.09,0.81,8.77,1
3317,16.04,5.78,8.1,1
3318,5.06,0.29,1.92,2
3319,7.07,1.69,1.43,1
3320,4.94,0.36,0.59,2
3321,18.21,3.41,5.95,2
3322,9.27,2.56,1.78,2
3323,4.19,1.98,2.15,2
3324,4.86,1.93,2.03,2
3325,6.46,1.23,1.09,2
3326,6.72,2.41,2.11,1
3327,7.04,1.8,4.94,1
3328,12.14,2.64,2.49,2
3329,12.32,7.01,15.62,2
3330,26.3,2.17,2.65,2
3331,15.52,3.93,2.59,1
3332,14.24,3.56,2.71,1
3333,21.12,2.2,3.3,1
3334,12.98,1.19,3,2
3335,13.86,2.35,2.96,1
3336,15.64,6.22,5.69,2
3337,2.56,0.48,1.52,1
3338,17.16,3.84,4.96,2
3339,11.92,2.98,6.11,2
3340,18.35,1.96,2.97,2
3341,11.51,2.93,2.92,2
3342,8.62,1.27,2.25,1
3343,24.57,2.89,12.37,2
3344,32.77,1.25,5.39,2
3345,8.57,2.12,2.1,1
3346,8.81,1.12,4.39,1
3347,14.45,3.31,6.06,2
3348,20.19,4.69,18.98,2
3349,22.22,0.37,5.59,1
3350,29.97,5.95,18.67,1
3351,7.66,2.47,1.31,1
3352,9.02,2.26,3.82,1
3353,21.87,7.78,7.85,2
3354,9.97,1.03,3.85,1
3355,6.34,1.33,1.97,1
3356,10.81,1.14,2.7,1
3357,6.82,0.55,1.31,2
3358,12.57,9.09,11,1
3359,6.33,1.73,1.86,2
3360,15.92,7.12,4.3,1
3361,4.39,1.54,2.17,2
3362,7.19,2.03,2.27,1
3363,6.87,2.4,4.74,1
3364,4.57,0.99,0.5,1
3365,14.75,7.15,4.57,1
3366,20.2,5.91,5.62,1
3367,10.2,2.67,4.42,1
3368,7.08,2.26,0.75,1
3369,22.67,5.2,6.04,2
3370,10.83,3.79,7.96,2
3371,12.73,2.49,3.19,1
3372,5.68,1.49,1.08,2
3373,15.6,1.47,12.15,1
3374,12.87,1.53,2.17,1
3375,31.8,5.59,1.61,1
3376,11.66,2.1,3.03,2
3377,9.57,3.07,1.33,2
3378,10.15,2.08,5.83,2
3379,9.54,1.91,3.99,2
3380,14.41,1.74,3.9,1
3381,6.01,3.78,1.78,2
3382,5.73,2.84,1.72,2
3383,13,4.1,3.3,1
3384,40.87,7.94,11.69,1
3385,34.24,4.21,4.19,1
3386,8.62,3.42,2.19,1
3387,10.45,0.86,3.48,1
3388,15.75,2.92,8.11,2
3389,9.58,3.63,2.67,2
3390,9.61,3.35,1.46,1
3391,14.7,7.61,2.58,1
3392,9.87,0.56,1.99,1
3393,18.59,2.73,5.3,2
3394,15.12,3.07,4.1,2
3395,17.03,4.44,2.43,1
3396,6.27,3.06,3.79,2
3397,11.91,2.41,3.02,2
3398,17.16,4.23,3.26,2
3399,14.17,1.07,3.2,2
3400,25.13,8.12,4.67,2
3401,6.54,3.1,2.91,2
3402,18.76,8.12,5.19,2
3403,11.56,5.12,2.58,2
3404,7.24,2.59,2.88,1
3405,29.02,3.1,5.58,2
3406,13.08,4.57,8.21,1
3407,25.73,3.95,3.31,1
3408,5.04,0.77,2.48,2
3409,7.01,1.39,3.35,2
3410,5.15,1.23,2.63,2
3411,21.98,3.54,5.23,2
3412,17.82,4.34,4.02,1
3413,16.61,3.46,7.7,2
3414,3.89,2.02,3.54,1
3415,12.96,1.89,3.46,2
3416,8.06,1.27,2.25,1
3417,6.7,0.81,2.7,2
3418,8.63,1.17,1.08,1
3419,12.03,3.71,1.89,1
3420,16.96,6.5,5.5,1
3421,8.06,1.23,2.52,1
3422,8.1,3.44,2.04,2
3423,9.03,6.65,7.49,2
3424,7.36,1.97,2.87,2
3425,5.78,1.85,2.59,1
3426,4.56,4.1,4.34,1
3427,12.04,4.52,2.85,2
3428,10.02,3.17,1.51,2
3429,20.48,2.74,4.67,1
3430,24.7,4.64,3.91,1
3431,8.82,2.8,4.77,1
3432,18.64,6.32,8.67,2
3433,28.08,14.67,19.15,1
3434,13.39,3.3,2.48,1
3435,5.28,2.23,4.26,1
3436,14.48,7.98,7.22,2
3437,17.73,3.54,2.76,2
3438,34.61,5.99,10.33,2
3439,9.97,3.02,2.96,1
3440,13.55,2.63,2.55,1
3441,6.19,1.85,0.65,2
3442,6.49,3.84,2.08,1
3443,13.42,2.45,1.54,1
3444,4.66,1.41,2.14,1
3445,13.11,7.27,4.31,1
3446,4.28,2.49,0.87,1
3447,10.25,0.55,3.2,1
3448,5.84,1.49,2.12,1
3449,3.86,1.41,1.49,1
3450,20.38,4.51,3.58,2
3451,6.73,1.68,2.17,1
3452,15.96,2.51,3,2
3453,11.32,0.28,4.36,2
3454,13.85,1.46,3.32,2
3455,35.35,2.7,11.17,1
3456,6.41,0.89,2.27,1
3457,8.64,3.37,2.42,1
3458,15.22,3.4,5.34,1
3459,12.91,1.09,4.2,2
3460,19.98,3.97,5.79,2
3461,9.19,2.2,2.45,2
3462,1.1,0.91,1.92,1
3463,7.49,3.22,1.31,2
3464,12.91,2.28,2.71,1
3465,13.88,6.7,3.3,2
3466,5.98,3.04,2.88,2
3467,13.26,5.18,13.72,1
3468,3.95,1.43,1.01,2
3469,8.51,2.62,1.64,1
3470,14.66,1.03,5.48,2
3471,6.48,2.36,1.05,1
3472,13.29,1.73,1.81,2
3473,2.86,1.78,1.92,2
3474,14.21,3.9,3.5,1
3475,6.58,2.84,0.51,1
3476,7.46,4.44,5.82,1
3477,14.58,2.65,5.01,1
3478,4.11,2.02,2.34,2
3479,10.66,2.06,5.25,1
3480,4.11,1.85,2.79,1
3481,25.73,4.07,9.05,1
3482,11.9,1.24,1.8,2
3483,12.87,0.84,4.46,2
3484,9.44,1.6,1.28,2
3485,11.37,2.03,5.7,2
3486,20.45,1.97,4.86,2
3487,9.91,2.6,0.74,2
3488,12.54,4.93,2.63,1
3489,12.04,2.48,6.72,2
3490,11.69,1.11,3.55,1
3491,8.53,0.56,2.12,1
3492,9.53,10.99,10.49,1
3493,29.2,4.83,5.2,1
3494,8.07,0.85,0.81,2
3495,15.79,3.25,6.88,2
3496,7.25,0.34,1,1
3497,15.6,0.81,3.74,2
3498,12,1.35,3.89,2
3499,9.34,4.53,5.51,1
3500,18.36,3.78,4.66,2
3501,10.08,13.06,5.56,2
3502,18.52,2.92,5.62,1
3503,6.58,2.86,3.79,1
3504,7.07,4.98,1.66,1
3505,17.95,4.19,4.65,2
3506,11.93,1.03,3.04,1
3507,33.76,4.58,17.74,1
3508,5.89,1.42,1.3,2
3509,25.05,2.76,5.18,2
3510,21.87,4.82,3.44,1
3511,2.2,2.02,1.25,2
3512,8.22,1.76,2.44,2
3513,13.37,4.01,4.29,1
3514,19.17,3.2,3.54,2
3515,9.38,5.66,5.87,2
3516,11.51,2.62,4.48,2
3517,17.13,3.5,4.52,2
3518,10.07,3.63,5.97,1
3519,8.09,2.82,3.1,2
3520,4.63,1.84,1.39,2
3521,7.31,2.39,1.61,2
3522,8.54,2.61,3.49,1
3523,10.61,2.78,3.03,2
3524,13.62,2.97,2.41,2
3525,19.09,0.48,3.71,1
3526,19.6,4.02,5.41,2
3527,8.76,3.12,5.83,2
3528,18.33,3.77,10.31,1
3529,18.57,4.39,8.02,1
3530,15.82,0.82,6.95,1
3531,2.54,2.93,0.99,1
3532,14.79,3.5,3.1,2
3533,7.07,0.93,1.95,2
3534,18.02,3.01,3.71,1
3535,4.82,2.87,1.8,2
3536,30.4,6.4,6.29,1
3537,20.04,3.25,3.11,2
3538,16.99,4.57,5.88,1
3539,18.48,2.87,4.3,2
3540,8.32,1.98,2.07,2
3541,11.06,1.81,2.71,2
3542,11.54,3.56,4.07,1
3543,9.4,3.13,2.29,1
3544,15.42,2.92,5.98,2
3545,11.02,2.02,0.75,2
3546,9.19,0.76,1.31,1
3547,5.1,0.59,2.85,1
3548,15.01,1.42,2.59,1
3549,14.9,2.97,3.44,1
3550,10.15,2.41,4.54,1
3551,14.4,1.82,3.7,2
3552,17.57,2.45,2.25,1
3553,15.32,5.66,3.73,2
3554,8.4,2.36,1.02,1
3555,9.77,1.72,3.59,1
3556,16.98,2.03,2.28,1
3557,7.2,0.56,1.62,2
3558,6.01,3.03,2.32,1
3559,3.73,3.76,1.29,2
3560,14.07,4.74,8,1
3561,2.47,2.41,1.88,2
3562,9.42,3.37,2.44,2
3563,15.54,1.63,3.77,2
3564,7.19,4.77,3.63,2
3565,9.52,2.97,1.45,1
3566,27.77,8.81,11.08,1
3567,8.48,1.81,2.47,2
3568,12.32,4.68,2.7,2
3569,12.34,3.32,1.81,1
3570,21.21,3.04,4.17,1
3571,26.87,1.47,3.46,2
3572,26.1,3.37,5.73,2
3573,14.43,6.12,10.02,1
3574,15.17,3.51,2.09,2
3575,4.87,2.01,1.07,2
3576,25.22,4.6,9.03,1
3577,2.92,0.94,2.06,1
3578,9.74,2.92,2.14,1
3579,5.01,2.7,0.77,2
3580,7.41,2.45,2.29,2
3581,15.27,4.72,1.58,2
3582,20.87,5.63,6.58,2
3583,22.01,5.14,5.5,1
3584,12,3.88,2.78,2
3585,10.03,2.87,2.02,1
3586,20.06,2.2,7.04,2
3587,15.87,6.25,2.89,1
3588,26.23,3.06,7.66,1
3589,3.09,3.09,1.5,2
3590,31.58,2.07,3.71,1
3591,6.37,2.54,2.44,2
3592,14.52,3.16,1.92,2
3593,14.49,2.17,4.57,2
3594,6.81,3.13,2.32,2
3595,30.01,4.35,3.61,2
3596,7.4,1.67,3.55,1
3597,5.03,2.49,2.48,1
3598,10.27,2,3.98,1
3599,9.77,3.09,1.54,2
3600,11.69,2.84,1.95,1
3601,3,3.09,3.78,1
3602,13.29,2.35,3.95,1
3603,7.75,2.02,1.24,1
3604,4.58,2.72,4.06,1
3605,24.67,11.4,7.85,2
3606,4.87,2.79,1.19,2
3607,12.62,2.06,4.63,1
3608,14.63,2.6,3.08,1
3609,9.82,2.3,3.42,2
3610,13.89,1.31,5.11,2
3611,6.79,1.14,2.33,2
3612,11.31,1.81,3.55,1
3613,10.31,2.03,2.87,2
3614,22.3,4.28,9.18,1
3615,9.57,2.3,5.58,2
3616,6.62,1.87,1.72,1
3617,7.02,3.02,3.71,2
3618,5.88,1.43,1.84,1
3619,13.06,3.74,2.86,1
3620,10.67,1.21,1.84,2
3621,14,1.56,2.56,1
3622,11.02,2.38,3.24,2
3623,39.29,2.68,8.46,2
3624,12.72,2.21,2.25,2
3625,5.03,2.94,2.15,1
3626,6.81,2.62,1.9,2
3627,15.6,1.53,8.73,2
3628,1.66,2.66,1.57,2
3629,12.36,1.17,3.18,1
3630,6.65,2.79,3.28,1
3631,4.32,2.32,1.3,2
3632,16.12,2.62,3.19,1
3633,18.98,1.13,7.34,2
3634,16.81,3.54,7.29,2
3635,6.96,2.59,0.82,1
3636,2.96,1.51,1.34,2
3637,15.02,1.91,3.25,1
3638,9.87,1.16,1.16,1
3639,11.08,2.92,1.24,1
3640,10.22,4.01,2.22,1
3641,19.99,2.76,1.93,1
3642,22.12,3.88,6.63,1
3643,6.87,4.01,6.38,2
3644,9.13,1.96,3.99,1
3645,6.85,2.78,4.94,1
3646,8.35,1.26,1.35,2
3647,13.11,0.59,4.39,1
3648,12.54,2.43,0.9,1
3649,13.07,0.93,2.15,1
3650,8.69,4.65,2.33,2
3651,21.4,3.55,9,2
3652,8.38,3.84,2.88,2
3653,17.56,2.66,2.81,2
3654,9.68,1.87,3.5,2
3655,14.6,4.39,4.68,2
3656,21.39,3.4,5.45,1
3657,14.7,4.61,2.72,2
3658,15.24,2.29,3.07,2
3659,15.34,3.5,4.12,1
3660,8.44,0.33,1.09,1
3661,13.28,2.25,1.91,2
3662,10.14,2.06,3.27,1
3663,11.44,0.98,1.96,2
3664,5.75,0.59,1.38,1
3665,14.07,1.05,3.01,2
3666,20.23,7.61,14.27,2
3667,19.48,1.97,3.98,1
3668,7.79,1.22,1.74,2
3669,2.69,1.68,2.08,1
3670,5.93,2.25,1.56,2
3671,12.53,1.84,1.82,2
3672,16.27,1.21,4.28,1
3673,7.74,1.88,2.05,1
3674,11.27,4.49,4.07,2
3675,12.46,1.21,1.48,1
3676,13.51,1.41,2.9,1
3677,18.06,1.36,3.51,1
3678,10.35,2.64,2.09,2
3679,13.12,3.43,3,1
3680,26.66,3.99,6.25,2
3681,7.03,2.06,2.08,1
3682,6.12,0.95,3.51,1
3683,6.08,3.89,2.61,2
3684,9.14,1.9,3.19,1
3685,25.53,2.35,5.7,2
3686,12.52,1.06,1.54,2
3687,19.53,5.62,3.96,1
3688,20.39,6.47,5.86,2
3689,13.74,0.84,2.43,1
3690,17.11,6.7,7.94,2
3691,13.9,3.63,2.86,1
3692,11.9,1.08,2.88,1
3693,15.19,0.89,3.75,1
3694,2.98,0.97,1.68,1
3695,11.92,2.86,2.73,1
3696,6.51,1.97,2.49,2
3697,6.64,1.74,1.08,1
3698,6.5,1.49,2.69,1
3699,8.67,1.78,3.95,2
3700,23.24,4.93,4.16,2
3701,7.79,0.62,1.06,1
3702,6.33,1.25,6.16,2
3703,12.97,1.24,4.01,1
3704,14.14,2.42,3.51,1
3705,6.9,3.43,2.89,1
3706,6.66,4.18,5.25,1
3707,7.73,1.93,2.57,1
3708,1.27,0.75,1.73,2
3709,10.93,2.68,5.89,2
3710,5.79,1.18,0.68,2
3711,14.39,3.94,13.26,1
3712,13.93,2.74,3.12,2
3713,5.38,0.37,1.78,2
3714,6.46,1.23,2.16,2
3715,12.63,5.12,5.19,1
3716,11.51,2.68,3.48,1
3717,15.11,3.82,2.46,2
3718,14.37,5.27,16.31,2
3719,6.28,2.55,2.57,1
3720,10.62,3.26,4.78,1
3721,7.37,2.54,2.1,2
3722,13.02,3.4,2.97,1
3723,16.97,3.43,10.79,2
3724,24.86,5.55,11.44,1
3725,24.81,5.55,8.44,1
3726,9.49,2.24,2.06,1
3727,22.57,5.78,5.51,2
3728,6.11,1.89,2.48,2
3729,10.37,1.26,1.09,2
3730,17.06,2.73,3.64,1
3731,16.95,1.85,8.69,1
3732,9.31,3.25,4.34,2
3733,3.95,2.47,0.77,2
3734,7.78,2.74,0.9,1
3735,5.6,2.16,1.75,1
3736,8.95,2.61,0.94,2
3737,13.38,2.77,2.93,1
3738,11.72,2.95,2.81,2
3739,3.65,2.69,2.57,1
3740,24.08,4.19,7.68,1
3741,19,2.01,4.99,2
3742,13.77,2.31,2.68,1
3743,4.61,2.31,2.47,1
3744,16.46,10.15,7.96,1
3745,16.26,2.4,4.6,1
3746,26.52,4.4,7.03,2
3747,2.93,3.11,0.56,2
3748,16.5,1.22,3.45,2
3749,21.76,1.98,8.11,2
3750,14.73,5.29,8.16,1
3751,15.81,5.8,13.85,1
3752,23.35,4,8.6,2
3753,3.38,2.96,2.44,2
3754,10.39,3.33,2.17,1
3755,11.92,3.13,2.7,2
3756,9.72,4.72,5.94,2
3757,5.48,3.51,2.66,2
3758,14.73,3.4,5.03,2
3759,8.99,2.64,1.14,2
3760,9.85,1.38,2.88,2
3761,29.42,2.26,6.98,1
3762,6.46,3.45,3.91,1
3763,13.57,2.27,2.46,1
3764,24.1,0.86,3.83,1
3765,5.17,2.5,2.69,1
3766,9.73,0.67,1.33,2
3767,9.65,2.42,3.14,2
3768,16,5.12,7.22,1
3769,18.28,1.09,2.6,2
3770,5.72,3.45,1.79,1
3771,11.92,6.16,5.07,1
3772,1.78,1.28,1.38,2
3773,11.06,2.11,3.08,2
3774,24.63,3.44,8.32,2
3775,11.47,3.07,3.61,1
3776,14.29,0.56,3.31,1
3777,15.39,2.17,1.85,1
3778,6.78,3.1,2.08,1
3779,6.18,1.35,0.53,2
3780,9.48,2.01,3.39,1
3781,8.84,0.82,1.38,1
3782,27.97,6.39,6.07,1
3783,17.17,0.37,5.74,1
3784,13.14,1.53,3.81,2
3785,17.62,2.05,4.29,2
3786,9.3,3.53,3.22,2
3787,8.79,2.63,1.95,2
3788,26.1,3.04,4.62,2
3789,6.45,1.9,2.57,1
3790,8.56,1.7,2.53,2
3791,4.48,1.56,2.35,2
3792,7.42,0.86,2.29,2
3793,3.71,3.16,4.88,2
3794,3.62,0.28,1.29,2
3795,13.22,3.83,1.82,1
3796,5.66,2.27,3.74,2
3797,10.91,2.92,2.1,1
3798,19.54,3.3,1.58,2
3799,5.83,3.19,2.8,1
3800,6.53,1.75,0.73,1
3801,28.55,21.75,12.71,2
3802,10.66,2.78,5.05,2
3803,9.73,2.57,3.22,2
3804,8.45,0.58,1.08,2
3805,7.31,2.72,3.05,2
3806,2.04,1.55,0.23,2
3807,18.71,1.35,7.2,1
3808,23.4,2.73,11.08,1
3809,11.84,2.03,2.28,1
3810,12,3.65,2.08,2
3811,28.36,12.55,8.52,2
3812,13.63,6.52,3.11,1
3813,17.65,0.97,2.16,2
3814,14.83,2.36,3.43,1
3815,13.47,1.26,2.67,2
3816,19.98,2.31,2.47,2
3817,22.71,5.18,6.57,1
3818,10.72,0.66,1.23,1
3819,9.46,3.15,2.55,2
3820,5.97,0.52,1.19,1
3821,5.72,0.46,2.22,2
3822,14.46,2.61,5.16,2
3823,2.97,3.15,2.2,1
3824,12.64,2.7,1.65,1
3825,19,4.09,5.67,2
3826,29.07,15.86,18.58,1
3827,21.73,3.78,13.74,1
3828,6.89,1.98,1.87,1
3829,8.69,2.68,2.46,1
3830,15.88,1.95,3.84,1
3831,2.31,2.14,2.01,1
3832,7.07,1.07,2.37,2
3833,5.28,2.38,2.5,1
3834,12.98,1.7,4.75,2
3835,15.91,6.12,9.02,2
3836,7.13,0.79,2.42,2
3837,17.73,3.23,5.32,1
3838,13.16,2.62,2.66,1
3839,23.83,6.44,3.76,1
3840,16.21,2.44,5.25,1
3841,16.53,3.01,3.48,2
3842,9.72,2.33,0.74,1
3843,9.76,1.1,2.23,2
3844,16.53,10.76,28.11,2
3845,17.86,5.13,6.3,1
3846,19.86,2.51,4.53,1
3847,7.38,2.38,1.61,1
3848,14.05,1.3,3.07,2
3849,3.38,1.44,1.76,1
3850,5.36,2.71,1.2,2
3851,1.99,0.9,2.2,2
3852,19.62,1.24,4.24,2
3853,3.48,1.1,2.18,2
3854,10.88,1.5,5.67,2
3855,18.25,7.96,4.63,1
3856,17.83,3.11,8.89,2
3857,23.25,3.3,5.07,1
3858,17.36,1.21,3.34,2
3859,24.23,5.43,10.05,2
3860,8.64,2.85,2.27,1
3861,6.02,1.05,1.57,2
3862,3.6,2.4,1.2,2
3863,19.92,3.45,3.9,2
3864,8.38,2.21,2.96,1
3865,14.09,3.16,1.46,1
3866,6.42,2.38,1.45,2
3867,10.91,3.56,2.77,1
3868,4.57,2.89,1.73,1
3869,15.09,7.83,3.1,1
3870,6.66,1.42,1.79,2
3871,11.6,3.07,3.08,2
3872,10.86,3.1,1.85,2
3873,4.66,0.93,2.21,1
3874,43.07,17.72,15.73,1
3875,3.96,1.64,1.26,2
3876,6.1,0.98,0.34,2
3877,7.52,1.05,3.2,2
3878,9.83,2.62,2.26,1
3879,8.01,2.95,2.38,2
3880,5.42,2.65,1.68,1
3881,8.07,4.23,2.72,1
3882,32.99,6.3,9.54,1
3883,18.69,5.1,4.06,2
3884,7.97,2.99,1.07,1
3885,12.14,2.57,6.4,1
3886,21.72,2.94,5.6,1
3887,5.49,2.31,2.39,1
3888,5.63,2.76,5.38,1
3889,7.41,0.5,1.07,1
3890,7.18,2.47,3.41,2
3891,4.51,1.38,2.81,2
3892,10.96,0.87,2.53,1
3893,4.11,1.45,2.75,1
3894,18.63,8.05,8.33,1
3895,21.58,2.94,8.28,1
3896,13.92,1.46,5.58,1
3897,20.31,2.22,4.69,2
3898,10.25,2.54,1.9,1
3899,10.59,4.08,2.25,1
3900,11.42,2.26,2.72,2
3901,11.77,1.95,2.16,1
3902,5.93,0.99,1.18,1
3903,12.67,2.53,3.53,2
3904,34.27,6.01,15.72,1
3905,20.08,2.46,5.01,1
3906,11.34,3.8,7.33,1
3907,7.38,4.28,1.58,1
3908,11.39,1.87,5.14,1
3909,5.74,2.76,1.6,1
3910,8.83,3.09,3.21,2
3911,3.73,2.96,3.28,1
3912,12.26,3.03,10.34,1
3913,10.3,3.78,3.04,2
3914,16.27,4.09,2.63,2
3915,25.19,3.39,3.96,1
3916,10.31,1.82,4.3,2
3917,5.7,3.03,1.7,2
3918,6.73,0.33,2.35,2
3919,28.22,6,9.29,2
3920,32.43,5.81,12.25,2
3921,19.17,1.84,2.94,1
3922,5.13,2.28,3.91,2
3923,8.95,1.47,2.69,1
3924,3.21,3.05,2.9,2
3925,19.3,1.75,6.02,1
3926,4.03,0.49,1.6,1
3927,5.04,2.92,2.27,1
3928,1.14,1.35,0.26,1
3929,6.03,0.4,1.53,2
3930,25.11,9.79,9.65,2
3931,28.2,9,10.72,1
3932,8.63,2.81,2.5,1
3933,11.24,0.86,3.58,2
3934,14.66,3.18,2.97,1
3935,23.35,5.46,6.62,1
3936,6.03,2.46,1.61,1
3937,3.68,1.28,0.3,2
3938,6.86,3.35,8.15,2
3939,8.17,1.32,2.14,1
3940,5.54,3.16,1.53,1
3941,18.1,5.4,9.3,2
3942,13.79,2.52,2.74,1
3943,21.77,4.49,12.83,1
3944,31.78,5.01,3.62,1
3945,10.31,17.21,13.41,1
3946,16.52,4.79,5.3,1
3947,6.04,2.37,1.85,1
3948,12.17,1.87,1.73,1
3949,14,5.06,4.38,1
3950,17.56,2.06,3.4,2
3951,5.86,3.63,5.86,2
3952,14.84,1.84,3.41,2
3953,17.41,4.96,3.45,2
3954,9.44,1.9,2.71,2
3955,19.88,5.14,3.72,2
3956,13.88,1.13,3.38,2
3957,7.94,3.55,9.87,1
3958,17.65,2.63,2.54,1
3959,14.39,3.23,2.72,1
3960,6.62,2.63,2.45,1
3961,7.45,0.71,2.05,2
3962,13.11,0.7,4.07,2
3963,4.7,1.23,1.55,2
3964,6.62,3.52,2.25,1
3965,26.78,4.57,5.82,2
3966,25.59,3.67,4.34,2
3967,19.39,17.15,23.76,1
3968,6.21,3.24,2.82,1
3969,21.69,4.39,10.45,1
3970,7.31,1.2,1.52,1
3971,23.95,3.17,3.34,2
3972,8.05,2.64,1.6,2
3973,12.78,2.5,3.54,2
3974,8.26,1.87,0.55,1
3975,4.04,2.99,2.56,2
3976,10.08,1.3,6.63,1
3977,17.22,1.26,3.43,2
3978,13.04,0.76,3.53,1
3979,13.42,3.44,19.56,2
3980,17.56,4.99,6.11,1
3981,6.1,2.58,2.15,2
3982,13.25,3.89,2.9,1
3983,12.01,3.3,3.37,1
3984,7.72,0.17,1.97,2
3985,13.13,5.47,8.12,1
3986,9.11,1.82,1.4,2
3987,8.07,2.31,1.23,1
3988,25.66,7.81,7.49,2
3989,17.45,3.98,1.92,1
3990,3.95,2.43,0.5,2
3991,8.3,1.22,2.26,2
3992,26.77,3.05,22.21,2
3993,37.91,4.11,8.83,1
3994,20.42,7.01,4.4,1
3995,18.01,3.95,2.78,1
3996,8.62,2.81,2.66,1
3997,7.51,3.77,5.02,1
3998,14.82,3.72,10.54,2
3999,21.78,1.02,4.53,2
4000,23.11,4.64,3.98,1
4001,11.77,3.41,1.82,1
4002,21.42,4.19,6.48,1
4003,9.55,3.54,12.92,1
4004,19.68,3.16,3.37,2
4005,20.82,3.17,4.21,2
4006,22.07,3.21,5.17,2
4007,7.3,0.7,4,2
4008,8.21,0.68,1.14,2
4009,17.34,3.24,1.93,1
4010,8.24,3.62,6.67,2
4011,24.04,3.82,3.79,2
4012,10.43,3.96,3.9,1
4013,8.65,2.45,0.99,2
4014,10.86,1.85,1.55,2
4015,13.49,1.77,3.57,2
4016,19.34,2.23,7.35,2
4017,18.41,6.55,6.71,2
4018,7.02,0.6,1.87,2
4019,4.77,2.24,2.26,1
4020,4.27,0.7,2.39,1
4021,19.02,1.79,5.35,2
4022,7.31,3.52,1.25,2
4023,4.46,3.23,0.77,1
4024,3.63,4.23,2.23,2
4025,6.78,1.65,1.39,2
4026,8.91,3.02,3.23,2
4027,8.6,0.6,5.3,2
4028,13.85,1.34,3.35,2
4029,9.97,6.27,16.08,1
4030,27.25,3.81,3.11,1
4031,14.1,1.73,3.05,1
4032,17.77,3.28,3.2,2
4033,19.49,3.22,4.39,2
4034,9.66,0.47,3.33,1
4035,13.04,1.72,3.24,1
4036,17.41,4.63,6.94,1
4037,3.85,1.02,1.95,2
4038,17.48,4.08,4.79,1
4039,13.58,3.84,6.64,1
4040,17.9,1.85,2.92,2
4041,8.63,2.05,3.83,1
4042,5.92,1.38,2.39,1
4043,23.42,3.67,11.93,2
4044,29.93,2.25,4.21,1
4045,5.88,2.54,2.81,1
4046,12.89,3.16,3.58,2
4047,16.85,2.79,6.66,2
4048,18.97,3.87,18.76,1
4049,26.21,1.49,4.58,1
4050,31.11,5.25,18.74,2
4051,7.61,1.22,0.82,1
4052,11.09,3.2,2.46,2
4053,21.56,7.31,5.96,1
4054,12.92,2.04,5.27,2
4055,8.66,2.04,2.57,1
4056,6.81,0.75,2.05,1
4057,5.13,0.89,2.37,1
4058,8.07,10.32,11.08,2
4059,3.92,1.28,1.37,1
4060,14.36,5.57,3.46,1
4061,6.53,1.55,1.2,2
4062,7.68,2.02,2.09,2
4063,7.21,2.39,5.63,1
4064,1.33,0.41,0.54,2
4065,16.36,7.93,6.47,1
4066,19.75,6.92,6.67,2
4067,6.53,1.26,3.94,2
4068,5.12,1.55,1.02,2
4069,20.49,3.62,5.77,1
4070,9.04,4.46,6.78,2
4071,16.97,3.22,3.61,2
4072,2.42,0.71,1.98,1
4073,17.93,2.19,13.71,2
4074,15.23,3.07,2.3,2
4075,30,6.58,1.02,2
4076,14.13,1.42,2.12,2
4077,7.91,3.06,2.3,1
4078,8.07,2.94,7.16,2
4079,9.84,0.75,4.39,1
4080,14.57,0.55,3.69,2
4081,8.21,2.8,2.1,2
4082,6.02,2.67,1.01,1
4083,11.42,2.62,2.86,2
4084,38.71,8.02,11.09,2
4085,36.43,3.35,3.64,1
4086,9.51,1.9,2.62,2
4087,10.31,3.17,2.36,1
4088,17.85,4.5,8.05,1
4089,9.06,3.04,2.16,1
4090,7.87,2.35,2.89,2
4091,13.99,5.11,2.61,2
4092,9.61,2.65,2.6,2
4093,18.11,3.05,6.18,2
4094,15.46,1.79,2.85,1
4095,14.9,4.18,2.43,2
4096,8.52,0.59,2.86,2
4097,11.05,1.34,3.79,2
4098,19.26,5.36,3.42,2
4099,14.01,2.59,2.19,1
4100,25.97,6.3,6.32,1
4101,6.88,3.28,2.32,2
4102,14.62,8.27,5.46,1
4103,7.1,5.71,3.03,2
4104,7.71,1.64,1.99,2
4105,27.59,5.26,5.9,1
4106,10.08,4.93,9.4,2
4107,28.86,4.63,2.97,1
4108,8.76,2.44,1.55,1
4109,7.15,1.42,2.77,1
4110,7.66,2.82,2.13,2
4111,20.55,4.04,4.5,1
4112,15.81,3.32,3.4,1
4113,18.76,3.28,8.17,2
4114,7.41,3.53,4.59,1
4115,13.76,2.09,3.63,1
4116,6.67,2.63,3.95,1
4117,8.74,1.15,2.56,1
4118,8.07,2.78,1.67,1
4119,11.62,1.9,2.87,1
4120,20.18,7.63,5.14,2
4121,7.37,2.42,2.89,1
4122,5.43,1.39,2.09,2
4123,8.67,6.41,7.46,1
4124,11.31,2.19,3.65,2
4125,7.86,1.74,2.32,2
4126,5.28,2.46,4.59,1
4127,13.56,4.54,2.27,2
4128,7.81,1.96,2.95,1
4129,20.78,4,4.99,2
4130,22.87,5.11,3.97,2
4131,12.6,3.4,3.33,1
4132,18.32,5.95,9.74,1
4133,26.45,16.91,17.6,2
4134,11.83,2.47,1.8,2
4135,6.56,2.24,3.19,2
4136,13.98,5.76,7.15,2
4137,17.45,4.29,3.69,1
4138,33.46,5.6,10.18,2
4139,8.76,1.48,2.89,1
4140,14.79,3.13,3.61,2
4141,5.99,2.74,0.99,2
4142,8.61,2.6,1.21,1
4143,13.24,3.98,1.45,1
4144,3.66,1.05,2.32,2
4145,13.82,5.8,4.66,2
4146,8.25,2.8,2.61,2
4147,9.79,2.09,2.96,1
4148,8.94,1.59,2.76,2
4149,5.85,1.77,0.96,1
4150,23.51,4.05,3.14,2
4151,10.07,1.53,2.39,2
4152,18,3.14,1.54,1
4153,9.81,2.6,3.55,2
4154,12.72,1.5,3.19,1
4155,36.26,2.08,10.65,1
4156,3.39,3.19,2.66,1
4157,11.53,1.41,1.36,2
4158,14.9,1.71,4.86,1
4159,13.19,0.74,4.27,1
4160,16.94,3.17,5.93,2
4161,11.92,0.92,2.88,2
4162,1.66,2.92,1.72,2
4163,6.22,2.09,2.96,1
4164,11.04,4.21,2.57,2
4165,11.95,8.02,3.5,1
4166,6.56,4.06,4.43,1
4167,16.81,5.55,13.66,1
4168,3.82,2.58,1.04,1
4169,6.84,0.84,2.62,1
4170,17.05,3.18,5.62,1
4171,11.17,1.02,1.55,1
4172,16.95,0.73,2.9,2
4173,4.87,2.9,1.91,2
4174,15.07,1.55,3.73,2
4175,6.52,2.52,1.16,2
4176,10.58,2.3,6.27,2
4177,16.19,1.89,5.64,2
4178,7,1.45,1.32,1
4179,10.89,1.45,5.14,1
4180,4.14,1.76,2.17,2
4181,29.02,1.68,7.41,1
4182,12.87,1.81,2.97,2
4183,14.49,1.75,5.06,1
4184,6.48,2.73,1.87,2
4185,15.15,3.45,4.77,1
4186,17.24,2.42,5.49,1
4187,9.72,2,1.33,2
4188,12.91,4.71,1.55,2
4189,15.22,2.64,7.32,2
4190,11.9,0.4,2.19,1
4191,11.77,2.03,3.04,2
4192,9.84,11.98,10.47,2
4193,33.43,3.04,6.66,2
4194,6.59,0.26,0.95,2
4195,13.16,3.14,6.01,2
4196,6.44,1.29,1.98,1
4197,13.41,0.92,2.5,1
4198,8.77,0.86,3.06,2
4199,12.01,4.86,5.17,2
4200,19.56,5.87,3.82,2
4201,13.61,12.47,6.43,2
4202,21.88,1.63,5.21,1
4203,6.06,1.79,2.44,1
4204,7.77,3.55,2.14,2
4205,17.52,3.83,4.32,2
4206,10.93,2.9,3.52,1
4207,32.22,4.88,16.7,2
4208,4.4,1.45,2.66,2
4209,29.24,4.34,3.47,2
4210,20.32,4.18,3.54,2
4211,3.15,1.9,2.07,1
4212,6.01,0.56,2.26,1
4213,14.03,4.52,2.87,2
4214,17.61,1.89,4.05,1
4215,11.69,6.03,6.43,2
4216,12.62,1.57,4.56,2
4217,21.22,3.44,3.86,1
4218,12.09,1.32,5.55,2
4219,9.73,0.57,4.73,1
4220,3.08,0.58,2.24,1
4221,4.15,3.4,1.13,1
4222,6.26,0.98,3.12,1
4223,13.05,0.93,3.44,1
4224,13.88,1.15,2.28,2
4225,22.72,2.98,4.56,2
4226,22.39,3.24,3.84,1
4227,8.38,2.86,5,1
4228,17.3,0.97,11.18,2
4229,21.19,5.98,9.01,2
4230,18,0.98,5.33,2
4231,6.09,2.06,0.58,1
4232,12.58,2.34,2.48,1
4233,8.52,3.34,1.22,1
4234,18.93,3.73,3.67,1
4235,7.77,0.55,1.66,1
4236,26.7,8.28,6.92,2
4237,16.97,2.33,2.55,2
4238,19.08,4.29,5.63,2
4239,21.37,2.59,3.2,2
4240,8.79,3.11,2.17,2
4241,8.94,1.35,2.07,2
4242,11.16,2.8,3.04,1
4243,8.8,2.02,2.05,2
4244,16.31,2.26,4.54,2
4245,10.74,2.27,2.05,2
4246,11.41,1.02,1.43,1
4247,5,1.37,2.45,2
4248,14.51,2.43,4.17,2
4249,12.06,3.13,2.11,1
4250,10.7,3.06,3.64,2
4251,16.3,2.23,3.73,2
4252,17.45,3.45,3.18,2
4253,14.82,3.93,4,1
4254,5.66,0.63,1.25,1
4255,13.22,1.32,3.89,2
4256,16.63,2.31,2.91,2
4257,7.02,1.38,3.03,2
4258,2.6,3.92,1.42,2
4259,6.31,2.79,2.75,1
4260,13.19,4.99,8.78,1
4261,4.09,0.49,0.76,2
4262,11.31,4.14,2.04,1
4263,17.18,1.75,2.29,2
4264,11.78,4.42,2.17,2
4265,8.59,1.35,2.8,2
4266,27.44,8.5,10.14,1
4267,8.09,1,1.93,2
4268,10.51,4.35,1.9,1
4269,8.6,2.48,1.1,2
4270,23.55,2.64,4.92,2
4271,26.81,4.21,4.95,2
4272,27.82,3.24,5.69,2
4273,14.35,7.44,8.9,2
4274,15.52,4.23,3.12,2
4275,5.69,2.52,2.24,2
4276,28.38,6.58,9.85,2
4277,0.94,0.75,0.48,2
4278,9.97,1.67,2.25,1
4279,4.02,0.67,0.92,1
4280,7.68,1.95,1.11,1
4281,13.92,2.63,2,2
4282,21.01,4.45,5.01,1
4283,23.69,5.02,5.23,1
4284,15.83,2.77,3.35,1
4285,8.06,2.36,1,2
4286,18.92,3.98,7.64,1
4287,15.88,5.42,1.37,1
4288,25.57,2.29,7.58,1
4289,3.2,2.55,1.21,1
4290,31.56,3.56,3.63,2
4291,8.61,1.14,2.42,2
4292,13.51,0.67,3.09,1
4293,11.75,3.73,4.65,1
4294,6.09,0.88,2.03,2
4295,29.97,4.71,2.51,1
4296,8.88,3.26,2.83,1
4297,4.4,1.93,1.84,1
4298,10.16,2.09,3.47,1
4299,9.57,1.68,2.06,2
4300,9.97,2.35,2.49,2
4301,7.42,3.38,2.5,1
4302,11.16,2.11,2.84,2
4303,10.61,2.62,2.12,1
4304,6.24,2.88,2.98,2
4305,23.67,11.06,9.78,1
4306,8.05,1.82,0.78,2
4307,13.31,4.27,3.84,2
4308,17.98,3.32,2.25,1
4309,12.82,2.13,4.22,1
4310,15.06,2.33,3.9,2
4311,9.24,2.7,2.95,2
4312,11.3,1.3,5.31,2
4313,11.87,1.61,2.8,1
4314,24.03,5.04,8.61,2
4315,10.4,3.53,3.98,2
4316,9.7,1.64,2.24,2
4317,6.55,2.9,2.45,1
4318,4.55,3.45,3.34,1
4319,17.05,3.98,2.56,1
4320,11.3,2.55,1.4,1
4321,13.18,2.11,4.11,1
4322,10.09,2.15,1.6,2
4323,37.17,2.73,7.74,1
4324,16.49,4.07,3.31,2
4325,5.74,1.88,2.09,1
4326,6.89,1.58,2.2,2
4327,16.32,3.78,8.48,1
4328,1.92,0.44,1.57,2
4329,13.37,0.87,2.6,2
4330,9.18,4.05,3.04,2
4331,5.53,2.72,1.73,1
4332,13.89,3.69,1.4,2
4333,20.38,0.75,7.18,2
4334,17.8,4.55,7.07,1
4335,8.78,2.39,2.56,1
4336,5.7,2.96,2.25,2
4337,13.95,1.25,4.12,2
4338,6.49,1.7,1.88,2
4339,11.65,1.88,1.33,2
4340,9.98,1.66,2.88,2
4341,19.43,1.96,2.69,1
4342,21.88,3.94,6.73,1
4343,5.79,3.67,6.44,2
4344,12.72,2.81,3.97,1
4345,9.91,3.35,3.69,1
4346,4.86,2.38,1.86,1
4347,15.44,2.15,4.1,1
4348,12.72,3.31,1.96,2
4349,13.23,2.79,3.75,2
4350,10.26,4.1,3.24,1
4351,19.92,2.48,9.41,1
4352,8.15,4.3,4.29,2
4353,18.61,3.22,3.91,1
4354,10.8,2.82,1.82,1
4355,14.04,2.83,4.57,1
4356,23.61,4.84,4.79,1
4357,13.3,3.62,3.12,2
4358,19.15,3.17,2.82,2
4359,17.16,3.54,2.96,1
4360,5.51,1.92,1.24,2
4361,10.24,1.49,1.22,2
4362,13.62,2,4.48,2
4363,7.98,3.25,2.9,1
4364,5.82,2.54,1.72,1
4365,15.01,3.54,3.42,2
4366,23.77,8.41,13.97,1
4367,18.35,3.06,3.08,1
4368,6.53,2.48,2.88,2
4369,2.4,0.42,1.08,2
4370,5.99,3.26,3.19,2
4371,13.43,1.99,2.29,2
4372,12.29,3.16,4.52,2
4373,5.68,2.65,2.48,2
4374,13.18,6.07,3.8,1
4375,9.55,3.36,1.18,2
4376,12.71,3.02,2.19,2
4377,18.32,3.01,4.47,1
4378,9.78,1.37,2.27,2
4379,12.08,3.52,2.51,1
4380,26.09,4.96,6.41,2
4381,8.02,3.22,2.1,1
4382,6.96,0.92,3.04,2
4383,6.2,2.63,2.76,2
4384,10.65,1.63,2.75,2
4385,26.47,1.75,6.87,2
4386,8.38,3.87,1.27,1
4387,16.62,3.13,3.78,2
4388,18.85,6.23,6.6,1
4389,10.87,1.65,2.54,2
4390,18.67,4.49,8.43,1
4391,14.64,2.16,3.73,2
4392,13.29,1.9,1.32,2
4393,11.2,1.05,3.34,2
4394,4.59,1.24,1.33,1
4395,11.72,1.92,3.62,1
4396,7.95,3.23,1.52,2
4397,10.13,1.84,1.96,1
4398,6.45,2.97,1.19,1
4399,8.47,2.98,4.63,1
4400,25.19,3.8,4.34,1
4401,5.31,0.36,1.93,2
4402,6.11,1.73,6.43,2
4403,14.66,1.65,4.22,2
4404,14.45,2.62,4.22,1
4405,6.74,1.87,3.26,1
4406,6.09,4.16,4.69,2
4407,10.03,1.58,1.22,1
4408,2.02,1.83,0.62,1
4409,12.06,3.73,4.77,2
4410,6.49,1.76,2.2,2
4411,12.17,3.65,14.08,1
4412,9.47,4.95,2.62,1
4413,8.87,0.76,2.49,2
4414,7.16,1.12,3.22,1
4415,10.75,3.97,5.67,1
4416,10.27,4.06,2.46,1
4417,14.49,2.67,3.21,1
4418,13.36,3.39,16.41,2
4419,5.04,1.77,1.29,2
4420,12.32,1.85,5.6,2
4421,2.79,0.19,1.85,2
4422,14.16,2.52,2.19,1
4423,12.07,4.94,10.88,2
4424,21.3,5.95,12.7,2
4425,21.71,5.97,8.88,2
4426,9.89,1.01,1.72,1
4427,22.69,6.14,5.9,1
4428,6.7,3.31,2.33,1
4429,9.5,2.19,2.46,1
4430,16.87,3.29,2.64,2
4431,19.02,3.58,8.58,2
4432,8.87,2.4,2.66,1
4433,3.67,1.1,0.22,1
4434,3.88,2.73,2.04,2
4435,1.01,2.78,0.28,1
4436,11.45,2.55,2.45,1
4437,13.94,2.53,4.13,1
4438,12.59,2.45,2.04,2
4439,5.98,0.65,3.35,1
4440,23.42,4.22,6.78,2
4441,22.33,3.11,3.91,2
4442,13.5,4.01,1.74,2
4443,8.96,2.07,1.82,2
4444,16.82,10.61,8,2
4445,17.58,3.73,3.38,2
4446,28.58,2.28,6.82,2
4447,5.93,1.56,1.24,2
4448,18.24,3.96,3.81,1
4449,23.01,3.13,7.05,2
4450,15.51,6.08,8.88,1
4451,14.66,4.05,13.69,1
4452,25.12,2.98,9.71,2
4453,2.98,1.8,1.43,2
4454,9.45,0.53,2.23,1
4455,11.99,1.3,2.5,2
4456,9.39,4.89,6.2,1
4457,7.82,0.72,2.62,2
4458,14.65,3.34,5.97,1
4459,9.3,4.82,2.41,2
4460,10.41,2.85,3.67,1
4461,24.59,4.85,5.52,1
4462,7.46,3.14,2.18,2
4463,15.03,0.62,2.63,1
4464,23.06,3.47,3.97,1
4465,5.33,2.85,2.43,1
4466,8.87,2.4,2.01,1
4467,11.93,1.92,2.63,1
4468,17.86,4.37,6.07,2
4469,16.35,2.11,2.32,1
4470,8.47,2.37,2.27,1
4471,12.28,6.77,6.93,2
4472,3.86,0.63,0.33,2
4473,13.36,3.48,2.62,1
4474,25.95,1.09,9.18,1
4475,8.45,1.99,3.66,2
4476,11.32,3.21,2.1,1
4477,17.06,4.08,2.55,1
4478,6.42,2.17,1.34,2
4479,4.74,1.67,1.41,1
4480,10.67,4.34,3.14,1
4481,7.14,2.39,2.84,2
4482,26.15,5.07,6.36,2
4483,14.83,2.84,5.22,2
4484,10.59,1.89,3.34,1
4485,17.83,1.63,3.83,2
4486,7.95,1.61,3.02,2
4487,8.8,3.03,2,2
4488,26.26,1.23,4.05,1
4489,7.37,0.67,2.47,1
4490,8,3.08,2.35,2
4491,5.03,0.92,2.56,1
4492,7.62,2.07,1.86,2
4493,5.1,2.61,4.74,2
4494,5.62,0.99,1.9,2
4495,12.76,4.4,3.3,2
4496,9.28,3.44,3.12,1
4497,10.12,1.68,3.06,1
4498,19,3.71,2.35,1
4499,5.95,3.06,1.66,2
4500,2.66,1.71,0.85,2
4501,28.48,22.21,13.12,1
4502,13.84,1.73,5.38,2
4503,8.5,4.17,4.64,2
4504,9.21,0.82,2.02,1
4505,9.59,4.01,3.98,2
4506,1.55,2.31,1.24,2
4507,16.95,0.67,7.63,1
4508,23.84,1.77,11.46,1
4509,9.17,4.17,1.65,2
4510,13.61,4.05,2.4,1
4511,28.49,11.98,6.87,1
4512,15.22,7.15,3.15,2
4513,16.19,1.25,1.78,2
4514,15.71,2.43,2.59,1
4515,12.62,1.28,2.28,2
4516,19.65,0.75,3.54,2
4517,22.29,6.15,7.28,1
4518,8.14,2.99,1.76,2
4519,10.63,0.75,3.19,1
4520,5.7,0.75,1.57,2
4521,8.59,1.37,2.27,2
4522,12.92,2.48,5.52,2
4523,6.12,2.73,1.78,1
4524,8.14,1.11,2.91,1
4525,17.23,2.17,5.08,1
4526,26.74,16.75,18.03,1
4527,21.62,4.37,13.34,2
4528,6.64,1.79,1.14,1
4529,11.25,1.74,4.21,1
4530,16.86,2.2,2.41,1
4531,3.09,1.2,0.34,2
4532,2.87,1.96,1.92,2
4533,5.36,1.36,1.22,2
4534,15.3,1.4,5.24,1
4535,16.26,5.78,8.79,2
4536,4.93,0.52,3.54,1
4537,17.58,4.51,4.23,2
4538,9.6,1.72,4.31,2
4539,24.13,7.94,5.55,2
4540,18.8,2.99,4.52,1
4541,16.69,4.75,1.98,2
4542,10.34,1.68,0.94,1
4543,7.69,0.72,1.48,2
4544,16.79,10.51,28.53,2
4545,14.37,7.43,5.71,2
4546,17.61,1.96,3.41,2
4547,4.5,0.51,1.13,2
4548,15.99,2.51,3.42,1
4549,6.95,1.18,0.25,2
4550,6.54,3.04,2.58,2
4551,4.58,2.02,0.61,2
4552,22.08,2.61,3.11,2
4553,4.44,1.28,0.68,2
4554,12.12,1.61,4.39,2
4555,18.28,8,6.15,2
4556,15.76,1.44,7.87,1
4557,25.86,2.47,4.48,1
4558,20.59,0.8,3.54,1
4559,23.43,3.11,10.23,1
4560,10,3.73,1.23,2
4561,6.68,0.45,0.71,1
4562,1.38,2.06,1.3,1
4563,18.45,2.41,3.96,2
4564,10.29,2.81,2.29,1
4565,15.08,3.25,2.58,1
4566,3.54,2.48,2.23,1
4567,11.2,2.6,0.91,2
4568,5.01,1.17,0.9,2
4569,11.98,6.29,3.02,1
4570,5.76,0.99,3.37,1
4571,11.35,1.99,4.5,2
4572,11.92,2.11,2.44,2
4573,7.99,2.78,0.82,1
4574,45.33,16.77,16.34,1
4575,6.2,1.34,1.46,2
4576,5.26,1.4,1.97,1
4577,9.41,1.67,2.61,1
4578,6.27,3.35,1.21,1
4579,9.79,3.22,2.81,1
4580,6.66,1.43,0.7,1
4581,7.96,2.5,1.71,2
4582,33.8,7.3,10.38,1
4583,17.74,5.6,4.98,2
4584,4.52,0.64,1.69,2
4585,11.53,3.31,6.4,2
4586,23.34,1.78,4.59,2
4587,8.51,0.46,0.95,1
4588,6.76,0.68,3.56,1
4589,6.48,0.77,0.97,2
4590,10.25,2.23,3.08,1
4591,5.57,3.61,3.05,1
4592,7.97,1.82,1.06,2
4593,6.73,3.24,1.52,1
4594,22.01,9.92,6.81,2
4595,22.91,3.14,9.25,2
4596,17.66,0.63,4.71,1
4597,21.21,2.73,4.25,2
4598,14.49,3.64,1.59,2
4599,12.73,2.38,2.64,2
4600,12.95,1.85,2.12,2
4601,8.76,1.31,1.79,1
4602,5.48,2.35,1.83,1
4603,11.15,2.53,3.21,1
4604,32.83,6.62,16.74,1
4605,19.94,2.18,3.48,2
4606,13.1,3.59,7.24,1
4607,8.52,2.92,1.18,2
4608,9.19,2.17,4.12,2
4609,7.74,1.24,2.96,1
4610,6.35,1.8,1.99,1
4611,5.14,4.18,2.17,1
4612,15.77,4.14,11.12,2
4613,6.29,2.05,1.34,1
4614,15.74,1.62,1.54,2
4615,21.4,4.47,5.67,1
4616,9.9,1.32,4.03,2
4617,7.61,0.57,2.1,1
4618,7.35,1.93,1.63,1
4619,26.59,6.71,9.37,1
4620,32.4,3.55,13.14,1
4621,15.41,3.06,2.96,1
4622,6.12,0.95,4.45,1
4623,7.15,1.57,1.45,1
4624,2.89,0.66,1.69,1
4625,21.04,3.08,5.35,2
4626,6.51,1.95,1.14,2
4627,4.13,1.65,1.74,1
4628,2.49,0.84,1.75,1
4629,9.36,0.22,1.16,1
4630,23,8.54,9.87,1
4631,29.21,8.07,9.77,1
4632,6.05,2.73,0.95,2
4633,10.21,3.64,3.69,2
4634,16.71,1.96,1.92,1
4635,19.57,7.04,6.14,2
4636,5.8,3.34,3.1,1
4637,1.89,2.14,0.4,1
4638,8.99,3.65,7.95,2
4639,7.13,2.14,1.39,1
4640,4.47,2.19,1.62,2
4641,16.26,5.5,11.06,1
4642,10.78,2.11,3.77,2
4643,21.59,3.94,11.82,2
4644,31.07,3.99,4.04,2
4645,8.17,16.53,13.87,1
4646,18.17,5.05,5.46,1
4647,5.13,1.73,1.36,2
4648,13.61,4.22,1.85,2
4649,15.27,3.36,3.97,1
4650,19.31,4.2,3,2
4651,3.58,3.65,6.55,1
4652,12.53,2.31,1.89,2
4653,16.93,4.88,2.52,2
4654,10.6,1.22,2.75,2
4655,18.19,4.25,3.54,1
4656,16.38,1.21,2.36,1
4657,10.77,3.42,10.7,2
4658,19.55,1.86,3.42,1
4659,17.13,3.08,2.92,2
4660,5.15,1.81,2.17,1
4661,6.06,0.95,1.79,2
4662,16.48,2.49,3.11,2
4663,6.11,2.96,1.78,2
4664,6.02,2.93,2.9,2
4665,25.63,4.96,5.78,2
4666,28.5,3.21,3.1,2
4667,20.38,16.69,23.74,1
4668,6.68,1.36,1.4,1
4669,23.36,2.97,11.82,1
4670,6.68,1.84,1.14,1
4671,20.61,1.87,3.8,1
4672,7.25,3.04,2.91,1
4673,9.99,2.49,3.01,1
4674,6.64,1.53,1.35,1
4675,5.51,2.63,1.52,1
4676,12.53,2.37,6.63,1
4677,16.64,1.36,3.23,1
4678,13.55,1.18,3.17,2
4679,14.66,1.24,18.31,1
4680,19.41,7.17,5.75,1
4681,5.83,3.12,2.46,1
4682,12.43,1.61,3.22,1
4683,8.3,1.28,2.51,1
4684,7.6,2.88,1.72,2
4685,14.5,4.76,8.14,2
4686,7.24,0.69,2.67,2
4687,9.4,1.55,2.11,2
4688,24.54,8.27,6.86,2
4689,15.85,2.85,2.46,1
4690,1.88,0.59,0.59,2
4691,4.54,3.04,1.68,1
4692,29.89,4.95,22.11,1
4693,34.67,5.26,8.65,2
4694,16.65,6.7,5.43,2
4695,22.57,3.27,2.88,1
4696,9.46,3.36,2.81,2
4697,7.31,5.18,5.09,2
4698,13.57,1.56,11.5,2
4699,23.14,2.26,4.24,2
4700,21.22,6.52,3.62,1
4701,11.19,2.11,0.97,2
4702,19.48,3.67,7.01,2
4703,10.95,5.06,13.34,1
4704,17.98,1.02,4.46,2
4705,18.89,1.08,3.24,2
4706,20.9,3.29,5.91,1
4707,6.97,2.61,5.17,2
4708,6.85,1.09,2.4,2
4709,19.67,3.19,1.98,1
4710,12.49,2.28,5.74,2
4711,23.28,4.73,4.39,2
4712,12.81,4.27,5.08,2
4713,5.85,0.6,2.46,1
4714,10.65,3.37,1.21,2
4715,10.67,3.54,3.61,2
4716,18.17,1.01,8.96,1
4717,17.91,5.52,7.24,2
4718,7.59,0.07,1.34,1
4719,7.78,1.85,2.27,2
4720,3.3,1.71,2.46,1
4721,17.89,4.09,4.47,2
4722,8.89,2.36,2.86,1
4723,5.19,1.79,1.58,2
4724,8.18,2.33,2.42,2
4725,9.9,2.61,2.29,2
4726,4.85,2.43,1.81,1
4727,6.57,2.19,5.61,1
4728,14.69,2.37,2.59,1
4729,8.32,5.63,16.54,2
4730,27.22,4.32,3.79,2
4731,14.47,3.71,1.98,1
4732,16.36,3.87,1.85,1
4733,20.71,0.71,4.6,1
4734,13.19,0.77,3.62,1
4735,13.15,1.76,2.03,1
4736,15,3.91,5.5,2
4737,5.68,1.42,2.05,2
4738,15.35,4.01,5.66,2
4739,11.12,2.74,4.96,2
4740,17.05,1.43,2.44,1
4741,9.58,1.87,3.34,2
4742,8.66,0.85,3.33,1
4743,23.47,4.54,12.24,2
4744,28.68,1.68,4.79,1
4745,7.62,2.57,2.88,1
4746,10.13,2.14,4.02,1
4747,17.36,4.19,6.16,2
4748,19.81,3.95,18.51,1
4749,21.96,2.99,4.8,2
4750,27.13,7.59,18.24,1
4751,5.17,2.26,1.89,1
4752,10.01,3.15,3.88,1
4753,18.68,5.7,6.32,2
4754,14.02,1.93,4.36,1
4755,7.65,1.02,2.29,1
4756,6.96,1.21,2.56,2
4757,2.89,2.33,1.97,1
4758,8.7,9.08,11.45,2
4759,4.97,1.01,0.88,2
4760,15.35,5.63,5.01,2
4761,5.22,2.59,1.37,1
4762,10.46,2.96,2.07,1
4763,7.87,1.24,4.84,2
4764,5.73,0.42,1.22,1
4765,18.06,9.91,5.63,2
4766,17,7.9,6.7,2
4767,8.93,2.47,3.5,1
4768,7.43,2.22,2.6,2
4769,23.38,4.14,5.93,2
4770,12.35,3.35,7.85,2
4771,14.11,2.49,2.17,2
4772,4.39,1.15,1.54,2
4773,18.5,1.27,11.91,1
4774,12.65,2.94,2.43,2
4775,29.05,7.51,1.41,2
4776,11.94,1.42,1.34,2
4777,8.88,1.97,0.93,1
4778,8.54,1.25,6.2,1
4779,9.67,2.41,3.69,1
4780,13.75,1.36,3.27,1
4781,6.67,2.34,0.87,2
4782,8.44,0.27,2.24,1
4783,13.01,2.73,3.22,1
4784,40.7,10.13,11.22,2
4785,37.07,3.94,3.64,1
4786,7.44,1.88,1.69,2
4787,11.58,2.02,2.33,1
4788,16.94,3.46,7.35,1
4789,9.75,4.08,3.23,1
4790,8.36,0.97,2.34,1
4791,17.52,6.58,1.79,1
4792,10.76,1.02,2.47,2
4793,17.35,0.65,4.95,2
4794,15.71,2.14,2.97,2
4795,16.68,3.69,2.21,2
4796,6.62,0.22,3.44,2
4797,9.16,0.9,3.75,1
4798,15.55,5.26,3.25,2
4799,12.52,1.9,3.17,2
4800,29.69,6.45,5.77,2
4801,8.91,4.64,2.1,1
4802,17.71,9.09,6.57,2
4803,6.95,3.62,2.17,2
4804,7.6,1.16,3.36,2
4805,25.91,3.57,5.82,2
4806,12.19,4.3,8.43,2
4807,26.29,4.2,3.83,2
4808,8.28,2.31,1.79,1
4809,6.52,2.78,2.31,2
4810,5.59,2.65,1.54,1
4811,19.9,3.9,5.05,1
4812,17.73,4.56,3.93,2
4813,21.26,3.64,8.71,2
4814,3.92,2.24,4.42,1
4815,11.02,2.01,3.73,2
4816,7.88,2.29,3.62,2
4817,5.81,0.79,2.06,2
4818,5.58,1.19,0.58,2
4819,15.08,2.56,1.49,2
4820,19.14,6.98,6.21,2
4821,9.64,1.63,1.39,1
4822,8.34,0.79,1.99,1
4823,7.73,5.36,6.79,1
4824,10.51,3.31,3.77,2
4825,9.19,2.5,2.65,1
4826,4.29,3.79,4.46,2
4827,12.12,4.83,3.89,1
4828,8.64,1.36,1.51,1
4829,23.3,3.96,3.72,1
4830,22.68,3.45,3.23,2
4831,9.89,2.1,3.02,1
4832,17.9,8.19,9.59,1
4833,26.1,16.44,18.36,2
4834,8.99,2.44,1.51,1
4835,5.21,1.29,3.84,2
4836,13.15,7.71,6.92,1
4837,14.65,2.43,2.81,1
4838,33.59,5.48,9.96,1
4839,8.81,1.04,2.53,2
4840,11.59,2.56,3.72,1
4841,8.62,2.95,2.4,2
4842,8.18,1.8,2.38,1
4843,15.11,4.4,2.08,1
4844,7.67,2.67,1.53,2
4845,15.58,5.11,5.95,2
4846,7.56,1.78,0.83,1
4847,11.41,0.96,3.12,2
4848,5.78,2.79,3.05,1
4849,5.19,2.94,2.22,1
4850,23.45,3.8,4.36,1
4851,8.21,2.89,2.06,1
4852,15.46,3.61,1.7,2
4853,8.77,0.67,4.38,1
4854,13.4,1.69,2.61,1
4855,33.8,3.97,10.41,2
4856,4.85,1.07,2.71,2
4857,9.14,1.1,2.79,2
4858,13.67,2.26,4.88,2
4859,16.56,2.93,4.31,2
4860,19.35,5.09,6.2,2
4861,11.7,2.84,2.59,1
4862,4.23,0.83,0.69,1
4863,3.39,3.33,2.86,1
4864,8.15,1.82,2.99,2
4865,13.34,5.8,3.63,2
4866,10.24,3.01,4.33,1
4867,14.18,3.84,13.06,1
4868,1.1,2.8,0.86,2
4869,7.55,0.95,3.1,2
4870,14.56,3.72,6.43,2
4871,9.69,1.63,1.35,2
4872,16.16,3.01,2.54,2
4873,5.39,2.87,1.83,1
4874,14.75,2.22,3.49,1
4875,6.6,3.27,0.61,1
4876,11.01,3.85,6.09,1
4877,15.5,2.74,4.33,1
4878,3.91,2.8,2.19,1
4879,9.67,0.67,4.49,1
4880,7.35,0.13,3.01,2
4881,25.9,3.58,7.27,1
4882,13.13,0.71,1.51,1
4883,11.59,1.03,4.84,2
4884,8.88,1.69,2.46,1
4885,10.69,3.04,5.81,1
4886,20.62,2.63,6.28,1
4887,12.01,2.42,1.71,1
4888,10.77,5.16,2.23,1
4889,12.13,4.32,6.19,1
4890,13.09,0.89,2.13,2
4891,7.43,0.48,1.44,2
4892,8.09,11.7,10.56,2
4893,33.66,3.76,6.11,2
4894,7,2.19,2.38,2
4895,15.92,3.57,7.36,2
4896,8.17,2.23,2.64,2
4897,15.43,1.65,2.58,1
4898,10.13,3.35,3.4,2
4899,12.98,4.93,5.29,1
4900,16.45,4.86,3.51,1
4901,12.71,12.52,5.58,2
4902,18.72,1.8,4.72,2
4903,7.78,1.82,3.73,1
4904,5.74,5.32,0.93,2
4905,21.71,3.19,4.1,2
4906,14.66,1.52,2.62,2
4907,30.9,6.81,18.55,1
4908,8.07,1.75,2.44,1
4909,28.54,3.53,5.02,2
4910,22.56,4.31,3,1
4911,2.93,2.72,1,1
4912,6.38,0.26,1.89,2
4913,13.79,6.72,3.62,1
4914,16.53,3.03,4.17,2
4915,13.57,6.55,7.21,2
4916,12.01,2.68,5.35,2
4917,16.98,4.42,4.52,2
4918,10.93,3.35,5.97,2
4919,7.22,2.09,4.32,2
4920,3.07,0.21,1.37,2
4921,4.65,4.14,1.88,1
4922,10.04,0.78,2.01,2
4923,11.28,1.03,2.96,2
4924,12.82,1.23,3.79,2
4925,21.28,2.99,3.72,2
4926,20.61,2.98,5.46,1
4927,7.53,3.28,4.23,1
4928,18.2,1.13,11.2,2
4929,20.48,5.72,9.26,1
4930,14.89,0.35,6.46,2
4931,2.89,0.32,1.93,1
4932,14.77,4.1,2.3,1
4933,10.31,1.81,1.63,1
4934,16.45,2.65,3.98,1
4935,7.71,1.27,1.52,1
4936,27.41,7.33,5.9,1
4937,18.61,4.32,3.19,1
4938,16.16,5.57,6.3,1
4939,18.56,3.42,2.96,1
4940,7.32,2.62,2.85,1
4941,8.99,1.65,2.15,2
4942,8.15,4.11,4.49,2
4943,7.57,2.54,2.43,2
4944,14.53,4.9,5.54,1
4945,10.88,0.37,1.36,1
4946,9.32,2.3,1.43,1
4947,6.78,2,2.79,2
4948,14.45,0.22,3.46,1
4949,16,2.79,2,2
4950,8.22,2.15,3.46,2
4951,15.49,3.55,2.83,2
4952,16.19,2.23,2.95,2
4953,15.4,4.31,4.56,1
4954,6.04,1.7,2.27,1
4955,14.1,1.86,2.37,1
4956,16.38,3.32,1.89,1
4957,8.54,1.55,2.34,1
4958,4.21,3.13,2.14,1
4959,6.26,3.34,2.09,1
4960,17.15,4.14,8.02,1
4961,3.16,0.65,0.78,2
4962,12.11,3.95,2.05,1
4963,15.89,3,1.99,1
4964,11.56,2.82,2.34,1
4965,12.52,1.89,2.04,2
4966,24.42,10.63,10.29,2
4967,10.51,1.03,2.09,1
4968,13.76,5.14,2.42,1
4969,9.94,1.71,2.85,2
4970,18.89,2.03,4.11,2
4971,24.04,3.81,4.63,2
4972,28.45,4.23,5.21,2
4973,12.9,6.59,8.28,2
4974,14.54,2.66,1.91,1
4975,2.61,0.5,1.99,2
4976,27.33,3.87,8.56,1
4977,2.9,2.28,0.8,1
4978,9.79,0.56,1.29,2
4979,5.5,3.08,2.17,2
4980,3.59,2.19,2.51,1
4981,12.21,3.58,2.23,2
4982,18.13,3.93,5.35,1
4983,23.82,2.74,3.91,1
4984,15.72,4.48,3.02,2
4985,10.03,0.74,1.4,2
4986,23.07,4.66,6.84,1
4987,12.6,3.9,2.7,2
4988,27.52,3.61,7.23,1
4989,5.27,1.8,1.07,2
4990,28.6,4.55,3.46,1
4991,7.27,0.54,3.29,2
4992,15.48,2.62,2.11,1
4993,12.65,2.5,6.09,1
4994,6.12,1.3,1.06,1
4995,27.5,2.95,2.18,2
4996,8,1.11,3.51,2
4997,4.56,2.7,2.13,1
4998,9.98,2.76,3.41,2
4999,10.93,3.07,0.73,2
5000,11.55,1.63,2.89,1
5001,4.63,2.5,2.05,2
5002,12.8,0.42,2.71,2
5003,7.01,3.26,2.36,2
5004,3.64,3.68,3.8,2
5005,25.69,12.38,9.36,2
5006,4.21,1.47,2.15,2
5007,13.63,4.45,4.33,2
5008,17.75,3.69,2.34,2
5009,12.06,3.32,4.88,1
5010,12.16,1.82,3.99,2
5011,8.9,2.34,2.24,2
5012,9.32,2.24,3.47,2
5013,9.29,2.41,2.9,2
5014,26.38,2.55,8.84,1
5015,13.48,4.2,4.05,2
5016,5.66,1.9,2.84,2
5017,6.88,4.8,3.71,1
5018,6.87,2.23,3.38,1
5019,14.56,3.06,2.95,2
5020,8.86,2.38,1.59,2
5021,12.75,2.63,3.59,2
5022,9.69,2.12,3.13,2
5023,39.94,2.6,9.01,1
5024,12.87,1.24,1.86,2
5025,3.92,2.53,1.06,2
5026,9.3,0.82,1.8,1
5027,13.28,1.9,8.6,2
5028,2.81,0.97,1.32,2
5029,12.5,2.7,2.29,2
5030,6.51,3.42,3.38,2
5031,3.74,0.53,2.18,2
5032,12.91,1.34,2.47,1
5033,18.39,2.02,5.63,2
5034,14.27,4.59,7.3,1
5035,10.85,1.42,2.68,2
5036,6.81,0.67,1.28,2
5037,12.44,2.89,2.97,1
5038,8.13,1.84,1.78,1
5039,10.01,1.79,2.26,1
5040,10.92,2.24,2.68,2
5041,16.15,1.07,3.48,1
5042,18.3,3.49,6.71,1
5043,5.18,4.04,5,2
5044,13.8,1.1,2.6,2
5045,8.74,1.82,3.63,1
5046,6.19,0.93,1.75,2
5047,15.33,2.09,4.45,2
5048,10.27,3.49,1.92,2
5049,9.27,1.43,2.68,1
5050,8.21,2.78,1.87,2
5051,20.02,4.36,8.52,2
5052,9.93,3.14,2.73,1
5053,17.6,2.72,4.24,1
5054,7.73,1.99,1.65,1
5055,15.38,3.83,3.31,1
5056,20.2,3.37,6.38,2
5057,11.73,3.13,2.96,2
5058,18.37,3.75,4,1
5059,14.22,2.08,3.18,1
5060,5.02,2.34,1.92,2
5061,11.63,2.26,2.65,1
5062,9.65,0.93,3.26,2
5063,9.18,1.24,3.28,1
5064,6.9,0.75,0.83,1
5065,13.68,2.67,2.73,2
5066,20.23,6.7,13.8,1
5067,18.42,2.83,4.06,2
5068,10.74,4.12,1.4,2
5069,4.95,1.88,0.69,2
5070,8.55,2.54,2.77,1
5071,11.69,1.95,2.44,2
5072,16.12,3.09,3.51,2
5073,6.26,2.72,2.34,1
5074,13.51,6.58,3.02,2
5075,9.62,3.08,1.23,1
5076,10.64,2.5,1.8,2
5077,21.34,2.4,3.76,1
5078,11.28,0.92,3.59,2
5079,11.76,2.89,1.7,2
5080,26.41,3.52,7.38,1
5081,5.3,1.75,3.17,2
5082,8.89,2.59,3.27,2
5083,6.14,0.99,3.49,2
5084,6.76,1.96,2.42,2
5085,25.5,2.5,6.43,2
5086,9.97,2.2,1.93,2
5087,19.41,4.69,5.02,1
5088,17.89,6.4,6.27,2
5089,13.85,2.2,1.36,1
5090,17.71,5.33,9.25,2
5091,16.16,2.18,1.88,2
5092,14.62,2.4,1.81,1
5093,13.71,2.63,4.07,1
5094,5.86,1.12,1.75,1
5095,9.58,2.99,4.48,2
5096,7.4,2.65,1.11,2
5097,8.19,0.4,2.54,1
5098,6.86,1.32,2.58,1
5099,7.78,0.65,3.77,2
5100,23.36,4.15,4.48,2
5101,8.81,0.54,2.13,2
5102,6.44,2.48,5.38,1
5103,13.36,2.51,3.54,1
5104,13.03,0.34,3.71,2
5105,5.65,1.78,2.93,1
5106,9.75,2.66,4.42,1
5107,7.12,2.76,2.48,1
5108,6,2.12,0.19,1
5109,10.86,2.19,5.13,2
5110,6.87,1.23,2.58,1
5111,16.86,2.75,13.9,1
5112,10.89,2.96,2.41,1
5113,6.42,1.3,1.13,2
5114,5.98,1.44,1.95,1
5115,11.05,4.47,3.91,1
5116,7.7,1.6,3.14,2
5117,15.09,2.06,3.84,2
5118,14.23,4.65,16.22,1
5119,4.79,3.24,0.79,1
5120,11.05,1.89,4.13,2
5121,4,1.39,1.99,1
5122,15.11,2.05,2.01,2
5123,15.81,5.07,11.71,1
5124,22.45,4.91,10.83,1
5125,23.73,6.83,9.83,1
5126,8.08,0.4,2.26,1
5127,18.13,5.91,6.01,2
5128,2.9,1.78,1.13,1
5129,7.33,2.15,1,2
5130,15.71,3.59,3.84,2
5131,15.84,3.84,8.32,2
5132,10.61,1.27,3.11,2
5133,4.29,0.73,0.91,1
5134,7.4,2.37,1.4,1
5135,5.75,1.32,0.3,2
5136,7.9,0.98,1.23,1
5137,10.11,2.25,2.74,2
5138,13.11,0.86,2.28,1
5139,8.42,2.04,3.41,1
5140,24.1,3.22,6.02,2
5141,19.34,1.65,4.93,1
5142,10.99,4.5,2.36,2
5143,8.18,2.14,1.05,1
5144,16.34,10.61,7.73,1
5145,14.84,2.96,3.38,2
5146,27.74,4.63,5.87,2
5147,1.93,3.14,2.1,2
5148,18.67,4,3.52,2
5149,21.77,1.38,8.18,2
5150,15.47,7.68,10.16,1
5151,13.43,5.66,13.49,1
5152,25.03,4.65,9.69,1
5153,4.42,2.68,1.17,2
5154,10.67,3.22,2.63,1
5155,13.22,1.7,1.47,1
5156,8.11,2.62,6.76,1
5157,9.13,2.01,2.09,1
5158,15.11,1.37,4.25,1
5159,7.07,5.15,2.12,2
5160,11.14,0.65,2.75,1
5161,27.3,3.82,7.07,1
5162,8.18,3.73,3,1
5163,16,1.46,3.49,2
5164,23.87,3.1,4.55,1
5165,7.13,0.84,3.36,1
5166,9.7,2.94,1.75,2
5167,9.95,1.95,1.86,1
5168,18.21,5.17,7,2
5169,17.35,3.11,2.27,1
5170,7.31,3.8,1.47,1
5171,10.45,6.61,6.28,1
5172,1.51,2,0.52,2
5173,11.92,2.56,2.77,2
5174,21.39,1.13,7.51,1
5175,7.85,2.36,2.89,1
5176,11.15,2.24,3.03,1
5177,18.34,4.28,3.09,1
5178,5.56,2.18,1.58,2
5179,7.39,1.5,1.66,1
5180,9.34,3.2,3,1
5181,7.65,2.86,2.67,1
5182,29.34,6.04,6.03,1
5183,16.06,0.83,5.93,2
5184,14.88,1.35,3.61,2
5185,16.42,2.5,3.27,1
5186,8.4,2.44,2.07,1
5187,10.21,2.63,2.06,1
5188,24.71,3.34,5.65,2
5189,5.09,2.52,1.41,1
5190,10.35,2.99,1.54,2
5191,4.56,1.31,3.04,1
5192,6.8,0.87,1.96,1
5193,4.73,2.29,5.24,2
5194,5.44,1.25,0.89,1
5195,11.15,3.3,2.12,1
5196,6.2,1.72,3.76,2
5197,11.85,2.95,2.13,1
5198,20.33,2.09,2.34,2
5199,8.9,2.51,2.07,2
5200,6.56,1.3,0.72,1
5201,25.84,22.26,12.43,1
5202,10.43,0.95,5.88,1
5203,7.52,2.36,3.3,1
5204,8.77,1.79,2.73,1
5205,10.5,4.35,4.39,1
5206,4.45,0.85,0.47,1
5207,14.86,0.71,7.75,1
5208,22.11,3.59,10,2
5209,9.77,3.17,2.33,2
5210,14.64,2.95,3.39,1
5211,30.23,11.96,7.19,2
5212,14.51,5.36,3.19,2
5213,16.46,2.08,3.1,1
5214,14.55,3.8,3.07,1
5215,15.74,2.83,2.47,2
5216,18.06,2.42,2.82,2
5217,22.28,6.72,8.07,1
5218,9.26,1.25,1.21,1
5219,7.58,2.39,1.99,1
5220,7.89,1.69,2.82,1
5221,7.51,1.08,2.78,2
5222,13.78,0.61,5.12,2
5223,4,2.74,1.7,2
5224,10.36,0.92,1.35,1
5225,17.54,3.52,5.47,1
5226,28.44,14.97,18.4,1
5227,21.67,3.98,14.45,2
5228,8.13,1.05,0.66,2
5229,9.11,2.79,4.28,1
5230,12.98,1.28,3.17,1
5231,5.55,2.77,2.07,1
5232,5.16,1.34,0.94,1
5233,6.1,2.86,0.68,1
5234,12.29,2.02,5.04,2
5235,16.91,7.81,9.28,1
5236,4.04,2.38,3.27,2
5237,16.05,4.62,4.5,1
5238,12.55,1.01,3.99,1
5239,21.35,7.35,4.09,2
5240,17.43,1.92,5.13,1
5241,15.38,3.56,2.2,1
5242,9.48,3.07,1.24,2
5243,9.12,0.48,2.14,1
5244,17.26,9.7,27.91,1
5245,13.67,5.43,5.69,1
5246,17.32,1.74,4.52,2
5247,7.35,1.91,1.23,1
5248,11.35,2,3.63,1
5249,2.84,2.36,1.07,1
5250,4.03,0.69,2.13,2
5251,3.99,0.75,0.53,1
5252,20.69,1.2,4.21,2
5253,4.63,0.65,1.01,1
5254,11.52,1.69,4.15,1
5255,19.9,8.72,5.03,1
5256,19.18,3.29,9.54,1
5257,23.26,3.63,4.69,1
5258,19.54,3,3.9,2
5259,27.6,4.54,10.13,1
5260,9.07,3.38,2.21,1
5261,4.69,2.32,1.57,1
5262,2.04,2.28,1.7,1
5263,19.27,3.98,4.04,1
5264,7.06,1.65,2.66,2
5265,14.04,1.88,2.46,2
5266,5.21,2.82,2.04,1
5267,12.27,0.94,1.23,1
5268,6.83,1.94,2.43,2
5269,12.35,8.12,3.19,1
5270,4.26,3.19,1.62,2
5271,13.14,2.05,4.67,2
5272,10.54,1.27,3.53,2
5273,5.91,3.58,1.08,2
5274,44.02,15.41,15.28,1
5275,4.18,1.57,1.26,2
5276,4.54,0.98,0.62,2
5277,6.62,2.38,2.98,2
5278,6.42,3.03,1.35,2
5279,4.8,2.96,2.95,1
5280,6.92,1.63,0.47,1
5281,10.62,4.76,2.26,2
5282,34.81,7.43,10.29,1
5283,16.53,5.4,4.19,2
5284,5.89,2.89,1.99,2
5285,12.97,2.73,5.97,1
5286,25.96,1.56,5.69,2
5287,8.59,2.82,2.15,2
5288,7.56,0.97,4.88,2
5289,9.69,0.87,1.2,1
5290,8.74,3.72,4.14,1
5291,6.81,2.54,3.59,1
5292,10.27,1.29,2.46,2
5293,3.58,3.08,1.94,2
5294,21.34,9.82,7.93,2
5295,21.78,4.52,9.34,1
5296,13.28,0.77,4.92,1
5297,21.09,1.85,3.86,2
5298,12.68,4.81,1.89,1
5299,9.53,3.66,2.89,1
5300,13.55,1.9,2.63,2
5301,12.02,3.29,3.34,1
5302,2.84,2.23,1.67,1
5303,10.05,3.07,2.66,1
5304,32.86,6.62,16.2,1
5305,18.08,2.71,3.44,1
5306,11.59,2.22,8.02,1
5307,8.28,3.36,1.88,1
5308,6.89,1.89,5.3,2
5309,7.15,1.05,2,1
5310,5.44,0.99,1.62,2
5311,7.29,3.21,1.93,1
5312,12.38,3.7,10.45,1
5313,9.66,2.57,1.57,1
5314,16.84,4.13,2.3,2
5315,21.83,3.46,5.51,2
5316,11.38,1.02,4.1,1
5317,5.16,2.56,2.38,2
5318,9.54,2.33,1.45,1
5319,28.01,7.49,9.58,1
5320,34.55,3.66,12.07,2
5321,15.42,2.07,2.99,1
5322,5.72,0.83,4.57,2
5323,8.38,3.11,1.94,1
5324,3.56,0.65,2.18,1
5325,22.76,3.61,5.23,1
5326,6.26,1.96,1.94,1
5327,2.71,0.26,0.79,2
5328,1.33,3.02,1.77,2
5329,6.79,0.27,2.94,2
5330,20.55,9.16,10,1
5331,28.12,8.13,9.76,1
5332,4.9,1.7,0.99,1
5333,10.75,2.84,5.23,2
5334,14.99,2.24,2.35,1
5335,19.75,6.19,6.82,2
5336,8.45,2.17,2.83,2
5337,1.42,0.22,1.15,1
5338,11.15,3.41,8.01,2
5339,5.95,3.71,0.75,1
5340,4.09,1.82,3.16,2
5341,16.77,7.6,10.69,2
5342,10.28,4.46,3.41,1
5343,20.11,3.24,11.85,1
5344,33.25,5.51,5,2
5345,10.95,19.01,13.24,2
5346,15.47,4.71,5.36,1
5347,6.1,2.85,2.22,2
5348,13.1,3.45,1.53,2
5349,14.42,5.08,4.55,2
5350,19.46,4.59,3.41,2
5351,5.91,3.18,6.5,1
5352,11.89,3.48,2.17,2
5353,14.05,3.99,3.44,2
5354,11.01,2.41,3.02,2
5355,19.16,4.47,4.28,1
5356,14.47,3.13,1.75,2
5357,5.94,3.24,11.47,2
5358,21.25,0.64,2.76,2
5359,15.27,2.69,2.31,1
5360,5.29,1.73,1.88,1
5361,7.76,0.46,0.88,2
5362,12.63,2.92,3.92,1
5363,7.19,1.06,1.3,1
5364,7.23,0.62,2.57,2
5365,26.28,5.26,4.07,2
5366,24.34,1.67,4.14,1
5367,18.64,17.43,24.08,2
5368,7.58,0.56,1.47,2
5369,22.61,3.91,10.34,1
5370,6.01,1.34,1.44,2
5371,22.19,3.12,3.41,1
5372,8.53,3.1,2.73,2
5373,11.93,1.07,3.39,1
5374,6.3,1.39,1.97,2
5375,6.1,0.52,1.19,2
5376,8.19,2.55,5.52,2
5377,20.39,2.8,3.91,1
5378,11.44,0.5,3.8,1
5379,13.97,3.27,19.36,2
5380,18.31,5.28,5.45,1
5381,8.73,2.54,2.77,1
5382,11.7,3.02,3.5,2
5383,7.93,3.55,3.1,2
5384,7.16,1.77,2.22,1
5385,11.2,6.27,8.01,2
5386,10.02,3.26,1.54,1
5387,9.72,2.01,1.18,1
5388,21.31,6.26,6.51,1
5389,18.32,4.41,2.25,1
5390,1.91,2.83,0.51,2
5391,4.41,1.08,2.18,2
5392,28.71,2.56,22.13,2
5393,35.61,5.26,7.8,2
5394,18.05,7.15,5.04,2
5395,19.61,2.46,2.33,1
5396,8.71,4.11,2.4,1
5397,8.96,4.74,5.64,1
5398,17.13,2.13,9.88,1
5399,23.41,1.22,4.73,1
5400,21.97,6.56,3.05,2
5401,11.13,2.86,2.44,2
5402,20.86,3.76,5.66,2
5403,9.32,4.26,13.64,2
5404,19.45,2.77,3.34,2
5405,23.17,3.2,4.14,2
5406,24.63,2.34,4.61,1
5407,8.06,1.71,4.09,1
5408,5.88,2.02,0.87,2
5409,15.3,2.71,2.34,1
5410,10.98,1.93,6.45,2
5411,21.08,2.95,3.51,2
5412,12.49,2.78,3.52,1
5413,6.08,1.95,2.3,1
5414,8.51,1.12,2.76,2
5415,9.75,3.69,3.05,1
5416,16.4,0.66,7.25,2
5417,15.36,5.87,7.87,1
5418,7.27,0.45,1.93,2
5419,4.11,2.82,2.23,2
5420,3.14,3.17,2.42,1
5421,18.51,3.55,4.51,2
5422,6.92,0.71,2.8,2
5423,6.32,3.06,0.53,1
5424,6.51,2.82,2.24,2
5425,7.53,1.29,1.53,1
5426,8.39,2.78,3,1
5427,10.7,2.67,4.76,1
5428,14.98,1.72,2.95,1
5429,12.16,6.84,15.2,1
5430,27.53,2.31,4.42,1
5431,12.35,4.11,2.29,2
5432,16.5,4.48,3.08,2
5433,19.41,2.2,4.58,1
5434,8.84,0.52,3.54,1
5435,12.93,3.61,2.6,2
5436,14.79,4.93,6.68,1
5437,6.14,2.16,2.03,1
5438,17.48,4.28,5.68,2
5439,10.32,4.48,5.69,2
5440,20.85,2.32,2.13,2
5441,12.58,2.46,3.04,1
5442,7.93,0.92,1.51,1
5443,21.34,5.19,12.49,1
5444,31.59,1.78,5.12,2
5445,10.22,0.37,1.83,2
5446,12.79,1.49,2.95,2
5447,17.18,3.88,6.88,1
5448,21.41,4.13,18.43,1
5449,26.04,1.37,4.3,2
5450,26.55,5.44,19.78,2
5451,5.48,1.59,1,2
5452,10.7,0.84,4.25,2
5453,18.61,6.46,7.05,2
5454,9.89,2.05,3.86,2
5455,6.54,3.23,3.68,1
5456,8.93,3.08,2.48,2
5457,5.22,1.61,1.52,1
5458,10.42,7.77,12.11,1
5459,7.4,2.62,1.88,2
5460,15.82,5.85,5.34,2
5461,6.9,2.12,0.84,2
5462,7.54,1.91,0.92,1
5463,4.64,2.33,4.3,2
5464,5.25,1.04,0.75,1
5465,17.07,7.8,5.01,1
5466,20.46,7.56,5.24,1
5467,7.99,2.54,4.37,2
5468,7.79,1.49,0.78,1
5469,20.33,3.45,6.52,1
5470,10.9,3.78,8.4,1
5471,16.29,3.35,2.97,1
5472,6.1,0.48,1.94,1
5473,18.01,1.2,13.01,2
5474,11.89,1.3,2,2
5475,30.57,6.37,1.72,2
5476,13.43,2.53,2.96,1
5477,8.61,3.02,1.47,1
5478,8.28,3.21,7.23,2
5479,11.22,1.98,3.57,2
5480,13.88,1.45,2.58,2
5481,7.35,1.05,1.43,2
5482,7.95,0.5,2.89,2
5483,11.55,2.4,3.47,2
5484,37.58,7.79,12.32,2
5485,34.26,5.07,3.74,2
5486,5.73,2.38,2.03,2
5487,7.31,1.99,4.23,1
5488,17.58,2.78,7.2,2
5489,5.69,1.42,3.11,2
5490,6.41,2.84,2.16,2
5491,17.85,7.65,1.31,1
5492,9.07,2.28,1.6,1
5493,20.34,1.25,4.67,1
5494,13.92,0.75,2.43,2
5495,17.39,4.82,1.5,2
5496,8.95,2.49,3.12,2
5497,9.36,1.13,3.12,1
5498,16.26,4.39,2.76,1
5499,11.9,1.14,1.49,2
5500,29.38,8.1,6.32,1
5501,8.21,3.83,2.85,2
5502,17.98,7.23,6.1,1
5503,11.36,3.36,2.68,1
5504,6.9,0.6,2.43,1
5505,29.04,4.52,5.88,2
5506,13.21,3.89,9.5,2
5507,29.2,3.68,3.46,2
5508,5.03,1.52,1.97,2
5509,7.95,2.03,2.65,1
5510,3.74,1.45,2.03,1
5511,21.8,2.47,4.51,2
5512,18.29,2.48,2.93,2
5513,20.52,4.38,7.45,1
5514,5.38,2.02,3.55,2
5515,13.59,3.74,3.44,1
5516,5.46,2.37,3.88,2
5517,5.5,2.33,1.98,1
5518,9.02,3.18,1.18,1
5519,14.02,3.95,1.59,2
5520,17.66,5.95,5.63,2
5521,8.52,1.93,3.02,1
5522,6.49,1.17,3.02,1
5523,11.88,6.13,8.34,2
5524,11.6,2.55,3.45,2
5525,8.54,3.49,2.3,1
5526,6.57,2.58,4.88,2
5527,15.36,4.94,3.53,2
5528,7.22,2.87,3.02,1
5529,22.18,3.94,4.38,2
5530,22.74,3.57,2.21,1
5531,11.04,2.96,3.99,2
5532,16.28,8.31,8.69,1
5533,24.34,14.58,17.3,1
5534,11.76,3.4,1.11,2
5535,8.34,1.72,4.47,1
5536,12.22,7.46,7.47,1
5537,14.08,3.53,2.12,1
5538,30.94,4.45,9.76,1
5539,10.61,2.45,2.61,2
5540,11.94,2.01,3.86,2
5541,8.76,1.15,1.87,1
5542,7.53,3.9,2.02,2
5543,15.98,4.37,1.47,2
5544,7.88,2,2.33,1
5545,13.71,5.88,4.75,2
5546,4.66,4.01,1.06,2
5547,10.45,0.4,3.29,1
5548,7.95,2.09,2.92,1
5549,1.68,1.41,1.21,1
5550,20.79,2.21,4.99,1
5551,11.3,2.6,1.48,2
5552,14.99,1.38,2.66,2
5553,13.25,2.55,4.52,2
5554,9.75,1.04,2.43,1
5555,35.11,3.5,11.23,2
5556,5.48,1.53,2.09,1
5557,8.56,0.82,2.46,1
5558,15.03,1.85,5.04,1
5559,14.47,1.07,3.15,1
5560,16.42,4.22,7.56,1
5561,11.79,2.36,3.53,2
5562,3.52,1.22,1.82,2
5563,7.76,1.57,1.53,1
5564,11.52,2.02,2.33,2
5565,10.6,7.05,3.36,2
5566,9.57,3.71,4.63,2
5567,16.49,4.07,13.46,1
5568,1.56,2.82,0.68,2
5569,8.23,0.94,2.85,2
5570,13.52,1.57,4.73,1
5571,7.08,2.02,1.34,1
5572,17.63,2.38,3.71,2
5573,3.07,0.77,0.5,2
5574,12.46,2.37,3.89,2
5575,5.44,2.45,0.76,1
5576,10.38,3.56,6.1,1
5577,16.06,0.51,4.49,2
5578,5.17,2.99,0.42,2
5579,10.93,2.62,4.49,2
5580,3.08,2.3,2.48,1
5581,27.31,2.83,8.18,1
5582,9.72,1.63,2.89,2
5583,12.23,1.88,3.6,1
5584,10.72,1.31,2.58,1
5585,14.14,1.07,6.28,1
5586,19.51,3.98,6.5,2
5587,8.12,2.43,2.73,2
5588,15.19,3.75,0.9,2
5589,13.17,2.64,7.18,2
5590,12.12,3.19,1.88,1
5591,12.3,1.74,1.47,1
5592,9.89,11.07,10.69,2
5593,30.9,5.02,5.27,1
5594,5.8,2.25,1.03,2
5595,16.02,4.86,6.34,2
5596,5.17,2.71,2.29,1
5597,14.07,1.46,2.44,2
5598,8.1,2.73,2.63,1
5599,9.15,5.03,5.01,2
5600,18.43,4.17,4.86,1
5601,9.85,12.65,6.48,1
5602,20.73,2.78,5.64,2
5603,7.45,3.18,2.92,1
5604,5.58,5.55,1.1,1
5605,20.1,4.16,4.82,1
5606,11.66,1.91,3.31,1
5607,30.67,4.35,17.21,2
5608,3.97,1.6,2.1,2
5609,28.06,2.38,4.74,2
5610,24.46,4.88,2.53,2
5611,4.38,1.26,0.45,2
5612,5.68,0.95,1.15,2
5613,13.44,4.38,4.28,1
5614,17.82,3.15,4.61,1
5615,9.41,4.22,6,1
5616,12.72,2.04,5.11,1
5617,16.4,3.98,4.05,1
5618,7.66,1.36,6.27,1
5619,9.69,3.05,4.04,2
5620,4.01,1.17,0.75,2
5621,4.12,2.38,1.64,2
5622,7.42,2.72,3.72,1
5623,12.9,0.5,3.66,2
5624,12.85,0.54,3.31,1
5625,18.93,2.6,3.28,2
5626,21.38,2.26,3.86,1
5627,8.39,1.53,4.31,2
5628,20.52,1.95,11.02,2
5629,20.69,4.06,7.96,1
5630,14.88,0.88,6.75,1
5631,6.65,2.56,1.5,2
5632,11.07,4.01,2.77,2
5633,10.63,3.27,2.23,1
5634,17.79,1.13,4.16,2
5635,7.75,1.64,1.4,2
5636,28.09,8.2,6.11,2
5637,19.29,2.29,2.43,2
5638,15.44,4.79,5.54,1
5639,21.84,3.08,3.92,2
5640,4.68,2.68,3.13,1
5641,9.5,0.64,2.89,2
5642,8.34,4.03,3.9,2
5643,6.64,2.87,2.86,1
5644,15.34,4.29,6.06,1
5645,11.39,2.44,1.67,2
5646,7.21,2.81,1.67,1
5647,8.38,1.66,2.32,2
5648,14.96,1.61,3.47,2
5649,11.89,1.66,2.39,2
5650,8.24,2.43,4.89,2
5651,15.26,1.3,4.07,2
5652,16.34,1.79,2.67,2
5653,17.69,5.36,4.59,1
5654,4.14,2.62,2.15,2
5655,14.26,2.56,2.62,1
5656,18.12,4.52,3.67,2
5657,5.43,2.64,2.98,1
5658,4.71,1.48,1.44,1
5659,6.31,2.42,1.04,1
5660,15.66,5.37,8.88,1
5661,5.05,2.8,2.28,1
5662,11.92,3.03,1.92,1
5663,15.1,1.16,3.51,1
5664,9.52,3.01,1.71,1
5665,12.2,2.74,1.19,2
5666,26.42,7.89,10.99,2
5667,6.58,1.34,1.99,2
5668,13.49,4.84,2.75,2
5669,12.72,2.01,2.91,1
5670,23.52,3.43,5.04,2
5671,24.09,2.01,5.14,2
5672,27.39,4.66,5.18,1
5673,17.26,6.5,8.82,1
5674,13.61,3.89,1.8,1
5675,6.65,2.85,2.1,1
5676,25.9,5.98,8.55,1
5677,2.4,1.88,0.24,1
5678,10.47,2.33,2.5,1
5679,5.16,1.14,2.58,2
5680,6.67,0.73,1.55,1
5681,11.4,3.53,0.78,2
5682,17.11,3.33,5.69,2
5683,22.76,4.52,4.55,2
5684,11.55,1.87,3.27,2
5685,8.44,0.34,2.36,1
5686,21.64,3.54,7.14,1
5687,13.55,5.23,2.42,1
5688,26.96,2.29,6.46,1
5689,6.04,2.23,2,2
5690,29.24,3.03,4.26,1
5691,7.96,2.44,2.4,2
5692,13.38,2.71,3.07,2
5693,11.4,1.75,5.69,2
5694,6.73,1.71,2.03,2
5695,27.32,2.69,3.54,2
5696,5.72,3.22,3.42,2
5697,6.81,3.77,2.73,1
5698,11.47,2.12,3.66,2
5699,6.48,1.89,2.41,2
5700,13.9,1.75,2.38,1
5701,2.82,1.15,3.3,1
5702,10.47,2,2.69,2
5703,6.51,0.88,1.25,2
5704,6.67,4.22,2.71,2
5705,24.18,12.31,9.23,1
5706,5.86,1.78,1.64,1
5707,14.17,2.05,4.32,2
5708,15.76,1.45,2.22,2
5709,12.87,3.97,4.58,2
5710,11.55,2.25,3.79,2
5711,6.95,0.46,3.22,1
5712,11.28,1.82,3.65,1
5713,10.76,2.54,2.09,1
5714,24.79,3.28,9.09,1
5715,10.87,2.13,4.91,1
5716,6.8,2.4,2.82,2
5717,10.22,3.05,3.14,1
5718,5.68,3.44,2.03,1
5719,16.62,1.2,2.65,1
5720,9.02,1.86,0.99,1
5721,11.28,2.91,2.2,2
5722,12.69,0.91,1.6,2
5723,38.26,3.19,8.69,2
5724,14.58,1.91,3.21,1
5725,5.27,0.36,2.07,1
5726,9.05,1.52,3.08,1
5727,15.5,3.65,9.58,1
5728,1.76,2.03,2.23,2
5729,10.47,1.18,2.39,2
5730,7.51,1.75,2.55,1
5731,5.59,2,1.9,1
5732,17.03,1.97,2.08,1
5733,22.31,1.23,5.65,2
5734,15.91,4.45,6.3,1
5735,7.81,2.54,0.95,2
5736,4.59,0.81,0.95,1
5737,15.65,2.59,3.88,1
5738,6.38,2.56,1.58,1
5739,10.25,3.32,2.01,1
5740,7.3,2.03,2.14,1
5741,17.33,2.57,2.53,2
5742,18.14,5.54,5.71,2
5743,6.52,3.32,6.65,2
5744,9.6,2.03,2.74,2
5745,5.74,0.83,3.38,2
5746,5.01,0.72,2.81,2
5747,13.6,0.41,4.06,2
5748,14.98,3.65,1.17,1
5749,8.72,3.21,2.23,2
5750,11.29,1.73,2.5,1
5751,21.37,4.41,8.86,1
5752,10.65,4.72,4.46,1
5753,16.31,2.22,4.42,2
5754,9.27,2.02,1.94,1
5755,15.44,3.63,3.44,1
5756,20.36,4.38,4.85,1
5757,13.55,3.82,2.29,1
5758,15.46,4.24,2.73,2
5759,18.06,2.82,3.19,2
5760,8.86,0.97,1.46,2
5761,12.92,2.54,0.99,1
5762,11.56,1.51,4.78,1
5763,9.14,1.73,2.57,1
5764,4.9,1.28,1.75,2
5765,17.01,0.85,2.56,1
5766,22.57,7.7,14.25,1
5767,17.5,3.23,3.37,2
5768,6.84,2.57,1.51,1
5769,4.48,1.31,1.33,1
5770,6.31,3.71,1.55,2
5771,10.41,3.16,1.9,1
5772,15.47,0.37,3.22,1
5773,9.75,1.4,1.46,1
5774,12.23,4.98,3.19,1
5775,7.92,0.64,2.21,1
5776,12.87,1.45,1.76,2
5777,18.67,0.26,4.6,2
5778,10.92,2.06,3.72,1
5779,9.13,2.94,2.56,1
5780,25.18,2.62,6.76,1
5781,9.28,1.33,2.45,2
5782,6.68,3.56,2.35,1
5783,7.48,1.41,2.17,1
5784,9.6,1.83,2.93,2
5785,28.19,3.2,6.02,1
5786,12.51,3.56,2.31,1
5787,19.99,3.81,4.51,1
5788,21.04,6.5,5.92,2
5789,10.46,1.25,2.46,1
5790,18.97,7.11,8.92,2
5791,17.2,1.15,3.78,2
5792,14.61,3.4,2.67,2
5793,13.46,3.09,3.74,1
5794,6.45,3.16,1.25,1
5795,12.1,1.76,4.58,1
5796,6.35,2.24,0.97,2
5797,7.93,0.89,0.86,2
5798,7.97,3.01,1.43,1
5799,8.78,3.07,3.07,1
5800,25.95,5.23,5.09,1
5801,5.65,0.99,2,1
5802,6.36,2.09,5.95,1
5803,12.81,1.84,3.82,1
5804,11.65,2.94,2.65,1
5805,7.84,0.65,3,1
5806,9.48,4.06,5.2,1
5807,8.67,1.43,2.6,2
5808,2.45,2.04,1.08,1
5809,10.35,3.19,4.96,1
5810,3.99,1.35,1.85,2
5811,15.68,2.76,13.64,1
5812,10.38,4.22,3.09,1
5813,5.07,2.68,1.33,1
5814,5.48,3.16,2.06,2
5815,12.34,6.73,5.81,2
5816,9.49,1.89,2.76,2
5817,10.29,1.78,3.61,2
5818,14.85,5.4,16.08,1
5819,4.88,0.64,1.24,1
5820,11.01,3.2,4.33,1
5821,5.51,2.31,1.21,1
5822,15.55,1.81,2.24,2
5823,13.59,4.58,10.97,1
5824,23.95,5.56,12.41,1
5825,22.54,5.33,9.47,1
5826,12.44,2.2,2.13,1
5827,20.87,4.06,5.73,1
5828,2.87,2.47,2.23,2
5829,8.67,2.72,2.47,2
5830,16.97,1.82,4.32,2
5831,15.4,3.34,8.65,2
5832,10.42,3.34,4.47,1
5833,1.52,2.32,0.45,1
5834,3.61,1.15,1.13,1
5835,1.68,0.96,0.99,2
5836,10.33,2.77,1.65,2
5837,12.32,1.4,4.43,2
5838,11.39,1.75,1.94,1
5839,7.52,3.16,3.27,2
5840,22.42,5.04,6.39,2
5841,20.55,2.56,3.98,1
5842,12.81,3.61,3.62,2
5843,6.85,1.59,2.27,2
5844,15.78,9.95,9.04,2
5845,14.23,2.21,3.89,2
5846,23.98,3.82,6.63,1
5847,2.47,1.54,0.77,1
5848,15.96,1.48,2.37,1
5849,20.37,2.39,7.37,1
5850,13.83,6.75,8.32,1
5851,15.01,5.46,13.38,1
5852,22.15,5.33,8.82,2
5853,4.82,4.26,1.8,2
5854,11.61,3.12,1.35,1
5855,13.33,2.89,2.26,1
5856,9.73,3.85,6.99,1
5857,8.58,3.46,1.61,2
5858,14.84,2.94,4.52,1
5859,5.51,5.07,2.19,1
5860,12.13,0.84,3.27,1
5861,27.61,3.34,6.9,2
5862,8.94,4.7,2.97,2
5863,14.73,2.58,2.38,2
5864,19.31,1.48,5.79,1
5865,8.64,1.1,2.85,1
5866,6.85,3.59,2.63,1
5867,10.72,2.04,1.81,2
5868,15.49,6.03,7.5,2
5869,16.82,2.37,3.42,2
5870,8.34,3.22,2.62,2
5871,8.88,5.29,5.41,2
5872,5.04,2,1.46,2
5873,13.48,3.84,2.24,2
5874,25.85,2.13,7.75,1
5875,9.81,2.88,2.06,2
5876,13.77,2.04,2.94,1
5877,16.17,4.21,2.78,1
5878,6.63,3.27,2.27,1
5879,4.87,2.65,0.51,2
5880,9.34,4.2,3.44,2
5881,8.07,0.38,2.62,1
5882,25.94,5.75,6.31,2
5883,14.66,0.95,5.31,1
5884,10.43,2.2,3.17,1
5885,14.51,1.4,2.61,1
5886,11.78,2.65,1.81,1
5887,8.56,2.25,2.48,2
5888,23.65,2.9,4.97,2
5889,3.99,2.99,2.27,2
5890,9.28,2.14,2.1,1
5891,6.67,2.51,2.11,2
5892,8.47,2.37,3,2
5893,7.44,1.92,4.69,2
5894,7.18,1.06,2.17,1
5895,12.88,4.6,3.48,2
5896,8.31,2.76,1.91,2
5897,11,1.71,1.94,1
5898,19.42,2.1,3.13,2
5899,5.64,1.98,1.16,2
5900,3.3,1.5,1.29,1
5901,27.23,21.55,12.83,1
5902,11.66,2.56,5.88,1
5903,6.21,3.16,4.26,2
5904,8.79,1.22,2.93,2
5905,10.15,3.06,2.83,1
5906,2.24,0.67,0.37,1
5907,16.14,2.86,7.49,2
5908,23.77,3.71,9.69,1
5909,9.14,3.6,0.92,1
5910,12.1,3.14,2.17,1
5911,27.48,12.05,8.36,2
5912,16.81,7.36,1.96,2
5913,17.83,2.43,1.98,1
5914,14,2.69,2.84,2
5915,14.67,1.33,2.24,1
5916,19.97,3.43,4.38,1
5917,24.55,4.79,7.49,2
5918,9.32,2.64,1.63,1
5919,10.19,1.77,3.22,1
5920,4.02,1.31,2.69,2
5921,9.91,1.63,1,2
5922,11.24,1.31,5.17,1
5923,3.44,1.19,0.74,2
5924,8.33,3.5,2.84,2
5925,18.66,2.93,5.55,1
5926,27.43,16.34,18.4,1
5927,17.82,5.3,14.29,2
5928,4.32,3.34,1.21,2
5929,11.25,0.63,3.52,2
5930,15.88,3.71,2.43,1
5931,2.76,0.23,0.44,2
5932,3.54,2.47,2.52,2
5933,4.37,2.71,2.2,1
5934,12.5,3.33,3.34,2
5935,18.01,5.23,8.31,2
5936,5.06,0.64,2.19,2
5937,17.2,3.37,5.82,1
5938,8.22,2.4,4.36,2
5939,20.49,7.82,4.42,1
5940,18.61,1.04,4.43,1
5941,15.24,3.46,3.42,1
5942,8.87,2.95,1.91,1
5943,9.5,1.42,2.68,2
5944,19.66,11.09,28.74,1
5945,16.36,5.02,6.76,2
5946,21.37,3,3.87,1
5947,7.45,0.41,1.58,1
5948,13.39,2.01,4.03,2
5949,5.55,1.64,1.04,2
5950,6.78,2.22,2.41,2
5951,1.56,2.1,1.9,1
5952,21.05,3.05,2.37,2
5953,4.67,2.7,1.94,2
5954,10.15,2.11,5.14,1
5955,17.79,8.4,6.05,1
5956,16.93,1.09,9.28,2
5957,26.07,2.17,4.47,1
5958,20.82,2.17,3.3,1
5959,25.91,4.29,10.77,2
5960,8.8,3.26,0.76,2
5961,6.41,2.71,0.7,1
5962,0.83,0.98,0.35,2
5963,19.76,3.9,4.69,2
5964,11.68,2.39,2.03,2
5965,17.78,4.18,1.94,2
5966,6.45,1.69,0.77,2
5967,10.02,2.57,1.62,2
5968,7.04,0.42,0.66,1
5969,11.99,5.88,4.23,2
5970,3.62,3.44,2.76,1
5971,12.56,4.56,3.44,2
5972,11.01,2.83,3.71,1
5973,7.56,3.01,1.77,1
5974,42.77,15.73,14.82,2
5975,5.8,2.7,2.4,1
5976,7.41,2.95,1.83,2
5977,9.41,3.74,1.82,2
5978,7.89,1.8,1.07,2
5979,8.39,2.44,3.64,1
5980,7.53,1.23,2.33,2
5981,12.13,3.95,3.05,2
5982,32.8,6.27,10.92,1
5983,19.45,5.65,4.18,1
5984,7.61,2.82,1.1,1
5985,11.18,4.3,5.96,1
5986,21.78,3.17,5.16,2
5987,7.97,0.42,2.75,1
5988,5.99,3.19,5.27,1
5989,7.77,0.57,0.93,1
5990,6.87,2.67,3.71,2
5991,6.65,1.3,3.65,2
5992,8.29,0.69,1.45,2
5993,5.33,2.14,2.13,2
5994,18.26,9.65,6.94,1
5995,20.23,4.62,9.07,1
5996,14.27,0.46,4.49,1
5997,20.28,3.82,4.81,1
5998,11.51,3.83,1.61,1
5999,12.22,2.66,2.01,1
6000,14.12,2.48,2.67,2
6001,8.79,2.83,1.59,2
6002,4.97,3.3,0.68,2
6003,8.35,1.32,2.19,1
6004,29.82,4.2,16.17,1
6005,17.57,3.21,4.78,1
6006,14.72,4.33,7.4,1
6007,6.89,4.24,1.94,2
6008,9.27,2.82,4.43,2
6009,6,1.23,2.6,1
6010,5.57,1.26,2.77,2
6011,3.52,4.72,1.92,2
6012,14.2,1.43,9.59,1
6013,8.32,2.26,2.58,1
6014,15.86,3.14,2.26,2
6015,22.31,2.35,4.35,2
6016,7.98,1.48,4.56,2
6017,6.02,2.69,2.63,2
6018,7.6,0.48,2.68,2
6019,25.56,6.95,8.9,1
6020,30.21,5,12.14,2
6021,18.25,3.95,1.92,2
6022,5.16,0.83,4.16,2
6023,10.61,1.52,1.39,2
6024,4.71,1.2,1.2,1
6025,18.82,2,5.73,1
6026,1.76,0.16,1.08,1
6027,6.83,1.64,1.6,1
6028,3.72,2.15,1.64,2
6029,8.29,2.37,1.33,2
6030,22.71,7.72,10.54,1
6031,30.04,8.49,9.49,2
6032,7.32,1.3,1.81,1
6033,11.41,1.84,3.55,2
6034,17.84,1.24,1.82,2
6035,23.61,6.11,7.42,2
6036,6.08,1.8,1.88,2
6037,3.24,2.4,1.97,1
6038,7.16,5.9,8.31,1
6039,4.76,3.34,2.04,1
6040,8.19,2.71,1.9,2
6041,19.02,5.93,9.57,2
6042,10.1,3.37,3.68,1
6043,19.92,3.35,11.37,2
6044,31.61,2.74,3.78,2
6045,6.57,17.54,14.08,1
6046,19.87,7.52,5.59,1
6047,5.09,1.82,0.99,1
6048,12.19,1.74,0.99,1
6049,13.29,3.56,2.65,1
6050,17.3,4.22,3.57,1
6051,3.6,4.61,6.06,2
6052,11.83,3.64,3.47,1
6053,14.98,3.87,3.38,1
6054,10.49,2.23,3.92,1
6055,17.99,4.27,3,1
6056,16.2,0.53,3.1,2
6057,6.67,2,10.08,2
6058,19.11,0.47,2.7,1
6059,15.39,3.43,3.03,2
6060,8.14,1.91,0.66,2
6061,7.96,2.96,1.35,1
6062,17.13,0.62,3.12,1
6063,6.86,0.67,1.59,2
6064,8.33,1.67,2.6,2
6065,23.89,2.67,4.89,2
6066,26.75,3.86,2.95,1
6067,19.4,16.45,25.01,1
6068,6.67,1.07,2.33,2
6069,19.84,4.28,11.44,2
6070,6.74,2.73,2.55,2
6071,24.15,1.5,3.17,1
6072,9.74,2.88,3.09,2
6073,10.36,1.46,4.53,1
6074,7.09,1.16,1.92,2
6075,3.05,2.02,1.78,2
6076,8.61,2.24,5.51,2
6077,20.1,1,3.43,1
6078,13.76,2.11,3.52,2
6079,12.11,1.92,20.24,2
6080,20.42,5.64,6.02,2
6081,9.01,2.63,1.7,1
6082,12.79,1.66,3.35,1
6083,12.21,0.94,1.73,2
6084,7.32,2.68,1.18,1
6085,12.87,5.02,6.65,1
6086,10.3,2.92,2.24,2
6087,10.51,1.91,2.98,1
6088,22.54,8.91,7.46,2
6089,19.97,3.55,1.57,1
6090,4.46,3.42,1.71,2
6091,6.98,2.56,2.21,1
6092,27.59,5.09,21.45,2
6093,33.62,4.28,8.13,1
6094,20.07,5.72,6.25,1
6095,19.98,3.87,3.21,2
6096,10.11,2.17,2.57,2
6097,10.13,4.14,5.85,2
6098,14.11,2.47,11.47,2
6099,23.33,1,3.73,1
6100,22.16,7.38,3.01,2
6101,10.63,0.81,2.88,2
6102,20.34,3.42,6.1,2
6103,12.58,3.24,11.92,1
6104,18.12,3.12,3.62,2
6105,23.23,2.49,4.03,2
6106,21.16,3.31,6.31,1
6107,6.87,2.03,4.53,2
6108,8.21,0.34,1.53,2
6109,14.82,2.96,2.02,2
6110,9.08,2.25,5.93,2
6111,23.49,3.28,2.48,2
6112,12.11,1.77,4.32,2
6113,7.33,2.23,1.01,1
6114,10.07,1.48,2.77,1
6115,9.96,1.88,3.69,2
6116,17.68,1.7,8.54,2
6117,16.79,5.77,8.53,2
6118,8.55,0.93,1.32,1
6119,3.13,2.89,2.4,1
6120,6.07,1.26,1.07,1
6121,19.86,3.89,4.45,1
6122,9.55,2.09,2.79,2
6123,5.38,1.33,1.76,1
6124,4.54,3.74,2.53,2
6125,10.7,1.61,2.35,2
6126,8.22,1.93,2.87,1
6127,9.42,1.51,4.66,2
6128,11.85,3.54,2.89,2
6129,9.74,4.63,16.92,2
6130,26.17,3.62,4.46,1
6131,12.44,3.09,2.83,1
6132,17.22,2.2,2.4,2
6133,18.18,0.47,4.16,2
6134,10.04,0.87,3.05,1
6135,11.98,3.78,2.39,2
6136,18.09,4.89,6.99,2
6137,1.77,1.45,1.24,2
6138,16.09,4.63,6.4,1
6139,11.4,3.41,5.39,2
6140,17.83,3.07,1.58,2
6141,10.47,3.62,2.71,2
6142,8.58,0.52,2.14,1
6143,22.47,4.57,11.41,2
6144,29.51,2.91,5.61,1
6145,8.4,3.12,1.49,1
6146,12.37,3.24,2.67,2
6147,15.64,2.18,6.32,1
6148,18.74,4.22,18.62,1
6149,23.09,2.56,6.11,1
6150,27.69,7.61,18.98,1
6151,5.7,0.34,0.97,2
6152,13.97,1.25,3.72,2
6153,21.64,8.1,6.27,2
6154,10.7,2.76,4.78,1
6155,7.58,1.92,1.98,2
6156,7.27,1.36,2.12,2
6157,5.84,2.38,1.87,2
6158,8.25,9.71,11.48,1
6159,3.88,1.39,2.21,2
6160,16.13,7.01,4.8,2
6161,7.91,0.68,2.14,1
6162,7.24,3.48,1.53,2
6163,7.42,1.88,4.26,1
6164,1.36,3.03,1.14,2
6165,14.44,6.94,4.96,2
6166,17.64,7.25,5.57,2
6167,10.6,3.14,3.49,1
6168,4.38,0.66,1.03,1
6169,20.44,3.67,7.44,2
6170,8.89,5.35,6.66,1
6171,13.62,3.82,2.1,2
6172,6.21,0.19,1.43,2
6173,18.27,0.93,12.87,1
6174,13.81,2.99,3.61,1
6175,29.36,8.17,1.17,1
6176,14.62,1.14,3.05,2
6177,7.02,2.36,1.82,1
6178,9.98,2,5.82,2
6179,8.84,1.08,4.54,2
6180,13.6,0.56,2.25,2
6181,9.36,2.78,1.8,1
6182,6.54,1.61,1.11,1
6183,13.47,2.6,2.44,2
6184,38.79,9.78,11.94,1
6185,33.62,5.12,4.03,2
6186,9.55,1.94,1.75,2
6187,11.83,3.21,3.82,1
6188,19.48,4.4,7.71,1
6189,9.47,2.32,2.18,2
6190,9.63,0.97,3,1
6191,16.99,6.11,1.11,2
6192,12.01,2.99,2.13,1
6193,17.41,1.66,4.96,2
6194,12.66,0.77,2.47,2
6195,16.14,2.74,2.16,2
6196,8.24,1.73,3.42,1
6197,8.72,0.62,3.08,2
6198,15.03,5.58,2.45,1
6199,10.17,3.27,2.43,1
6200,29.75,7.22,5.69,1
6201,8.18,3.59,2.69,1
6202,17.34,8.17,6.78,1
6203,9.86,4.45,3.38,2
6204,5.32,3.29,2.25,1
6205,27.34,4.06,5.8,2
6206,13.6,2.8,8.61,2
6207,28.4,2.62,2.85,1
6208,8.17,2.43,2.74,1
6209,10.75,3.37,1.86,2
6210,3.4,3.2,2.33,2
6211,20.15,2.55,3.54,2
6212,18.18,2.18,3.52,1
6213,18.65,3.86,8.98,2
6214,3.12,2.52,3.73,2
6215,14.21,2.62,2.7,1
6216,6.65,2.03,3.47,2
6217,8.93,1.71,2.39,2
6218,7.5,1.97,0.8,1
6219,15.33,1.86,1.64,2
6220,15.52,6.75,5.48,1
6221,8.83,2.99,2.82,1
6222,8.08,2.8,2.98,1
6223,11.57,6.48,7.57,1
6224,11.69,2.34,4.17,1
6225,7.87,3.74,1.43,2
6226,7.49,5.07,5.45,1
6227,15.59,5.04,2.61,2
6228,7.2,2.91,2.23,2
6229,24.34,1.73,4.6,1
6230,20.56,5.18,2.5,1
6231,9.52,4.63,4.09,2
6232,16.54,8.44,10.5,2
6233,24.98,14.68,17.49,1
6234,10.43,4.14,1.64,2
6235,6.19,2.19,3.95,1
6236,14.08,5.16,8.19,1
6237,13.49,3.27,2.88,1
6238,33.81,3.1,10.19,2
6239,9.25,1.95,2.6,2
6240,13.52,1.78,3.91,1
6241,7.4,1.51,2.34,2
6242,8.07,2.86,1.46,2
6243,16.05,4.73,1.99,1
6244,5.62,2.9,2.02,2
6245,14.49,5.94,4.71,2
6246,7.68,3.28,1.69,2
6247,8.65,2.54,3.77,1
6248,8.08,3.75,2.77,1
6249,3.46,1.43,0.42,1
6250,23.41,4.01,3.42,2
6251,8.04,1.22,2.16,1
6252,18.46,1.64,2.23,2
6253,9.33,1.54,3.25,1
6254,9.78,0.91,2.33,2
6255,36.05,3.23,10.17,1
6256,2.62,1.82,2.86,2
6257,6.91,1.97,2.34,1
6258,11.2,2.17,6.38,1
6259,15.25,0.93,4.65,1
6260,16.39,3.04,6.82,2
6261,8.12,2.21,2.42,1
6262,4.45,0.65,1.14,2
6263,5.21,1.19,2.73,1
6264,9.21,2.5,1.64,2
6265,14.87,7.7,4.39,1
6266,9.46,4.02,3.44,1
6267,14.08,3.26,12.08,1
6268,5.3,1.63,1.82,2
6269,9.75,1.49,2.65,2
6270,14.28,3.56,6.43,2
6271,7.48,3.39,2.31,1
6272,14.1,3.11,2.87,2
6273,2.4,0.33,1.65,2
6274,15.39,2.8,2.46,1
6275,5.69,3.17,0.44,1
6276,7.56,2.19,5.25,1
6277,14.83,0.91,5.44,1
6278,6.39,1.13,0.72,2
6279,11.93,3.34,6.03,2
6280,3.1,0.41,1.46,1
6281,27.32,2.49,8.15,1
6282,13.42,2.53,2.64,2
6283,12.44,3.21,4.06,2
6284,10.03,0.59,2.76,1
6285,13.34,2.98,6.5,1
6286,17.55,1.94,6.57,1
6287,9.37,1.73,2.55,1
6288,12.68,3.05,1.08,1
6289,13.07,2.72,6.55,2
6290,14.67,1.01,3.03,1
6291,8.61,2.57,2.9,1
6292,10.56,11.1,9.75,1
6293,30.19,4.05,5.9,1
6294,8.87,1.47,1.28,1
6295,13.76,2.56,7.51,2
6296,6.71,0.94,1.78,2
6297,13.16,1.04,3.48,2
6298,7.7,0.83,2.63,2
6299,8.98,4.06,5.65,1
6300,16.85,5.27,3.89,1
6301,13.56,12.83,6.38,2
6302,19.6,1.84,5.84,1
6303,9.05,1.75,3.15,1
6304,7.59,3.98,1.26,1
6305,21.73,4.73,3.83,2
6306,12.01,0.76,2.55,2
6307,35.55,5.83,17.98,2
6308,6.94,0.31,1.8,1
6309,25.73,3.37,4.36,1
6310,21.87,3.4,3.13,2
6311,6.29,0.72,0.37,1
6312,9.3,0.3,1.77,1
6313,13.45,6.44,3.68,1
6314,18.36,3.6,4.76,2
6315,13.07,3.99,5.7,1
6316,9.02,3.57,3.44,1
6317,21.14,3.58,3.95,2
6318,8.43,3.2,6.19,2
6319,6.15,2.21,4.79,1
6320,3.33,1.2,0.6,2
6321,6.83,1.66,1.74,2
6322,5.71,3.27,2.63,2
6323,14.61,1.31,3.65,2
6324,11.59,2.42,3.89,2
6325,22.21,2.83,4.08,1
6326,20.21,4.72,5.13,2
6327,8.56,0.97,5.02,2
6328,18.76,2.48,9.84,2
6329,19.11,3.39,8.07,1
6330,18.87,0.59,5.7,2
6331,6.19,2.11,1.11,1
6332,13.78,2.87,3,2
6333,7.61,3.27,1.47,2
6334,15.55,1.67,4.22,1
6335,6.7,2.61,1.77,1
6336,28.56,6.64,6.79,1
6337,16.27,3.98,3.22,1
6338,16.58,4.33,5.33,2
6339,18.72,2.38,4.27,2
6340,4.57,0.7,2.66,2
6341,8.35,1.55,1.81,2
6342,8.59,4.32,3.46,1
6343,5.35,3.24,2.2,1
6344,17.84,4.08,5.94,1
6345,7.94,2.28,0.91,1
6346,10.9,1.64,2.12,2
6347,5.56,1.69,2.86,2
6348,12.2,2.98,3.01,1
6349,11.63,1.97,2.45,2
6350,10.34,2.21,3.39,2
6351,17.14,0.71,3.38,1
6352,14.23,2.78,2.38,2
6353,13.03,5.55,5.15,1
6354,8.3,0.59,2.34,1
6355,11.26,2.35,2.83,1
6356,18.03,3.47,2.59,1
6357,7.2,1.8,2.29,2
6358,3.72,1.95,2.08,2
6359,3.46,2.47,2.95,2
6360,13.11,3.39,7.39,1
6361,4.84,1,0.8,2
6362,8.82,2.22,3.36,2
6363,16.33,3.28,2.91,1
6364,9.79,4.9,2.36,2
6365,9,3.19,3.04,1
6366,25.6,10.31,9.76,2
6367,8.24,1.31,2.16,2
6368,10.89,4.55,2.06,2
6369,12.03,2.25,1.97,2
6370,23.54,0.69,3.41,1
6371,23.55,3.24,4.85,2
6372,28.44,4.23,6.25,2
6373,17.19,6.53,8.55,2
6374,14.56,3.86,2.05,1
6375,3.04,1.83,2.58,1
6376,24.95,4.94,8.48,2
6377,3.32,0.3,0.32,1
6378,7.05,2.37,2.76,2
6379,5.55,0.43,1.29,1
6380,5.58,2.41,1.42,2
6381,14.44,4.75,0.84,2
6382,21.8,4.75,6.21,1
6383,20.92,5.06,4.99,1
6384,12.01,2.39,3.02,2
6385,10.29,2.04,1.24,1
6386,22.91,2.56,7.54,1
6387,17.06,6.03,0.97,2
6388,24.7,2.54,6.88,1
6389,5.69,3.09,0.93,1
6390,29.4,4.32,2.69,1
6391,7.01,2.63,2.79,1
6392,16.2,0.37,1.87,2
6393,11.64,1.78,6.1,2
6394,7.26,2.71,2.03,2
6395,28.14,3.74,2.65,2
6396,5.85,2.31,2.96,2
6397,3.61,3.98,2.51,1
6398,8.95,1.38,4.26,1
6399,9.97,3.46,1.52,1
6400,11.55,1.82,1.7,1
6401,2.82,3.13,2.48,2
6402,10.58,1.1,2.66,1
6403,10.69,3.02,2.35,2
6404,4.76,4.21,3.23,2
6405,23.68,10.55,8.19,2
6406,5.11,1.23,1.26,2
6407,11.46,2.11,5.57,2
6408,14.09,3.96,3.21,1
6409,11.09,4.41,3.91,2
6410,13.03,2.3,4.79,2
6411,9.6,1.62,2.38,1
6412,8.97,0.47,3.46,1
6413,10.31,2.15,1.77,2
6414,21.84,3.03,9.88,2
6415,9.88,3.55,3.67,1
6416,8.15,3.24,2.83,2
6417,6.8,3.72,2.41,2
6418,7.07,2.37,3.02,2
6419,14.8,2.48,3.18,1
6420,10.56,0.93,1.39,2
6421,11.18,2.6,2.28,1
6422,10.41,2.22,1.66,1
6423,36.63,4.05,8.03,2
6424,13.45,2.58,2.1,2
6425,3.43,0.26,1.83,1
6426,8.13,0.84,2.84,2
6427,13.39,2.89,9.31,1
6428,2.58,2.79,0.79,1
6429,13.44,2.89,2.98,2
6430,10.1,3.33,4,1
6431,5.59,0.82,0.78,2
6432,14.41,3.64,1.63,2
6433,19.41,3.26,6.79,1
6434,14.35,2.5,7.54,2
6435,11.2,0.65,2.37,2
6436,5.35,2.52,1.41,2
6437,14.78,2.29,4.4,1
6438,9.56,3.27,0.89,1
6439,10.48,0.64,2.79,2
6440,11.36,2.73,3.13,1
6441,19.18,1.73,2.4,1
6442,21.03,3.71,5.92,2
6443,8.6,1.29,4.88,2
6444,10.4,0.3,2.88,1
6445,7.96,2.9,3.9,2
6446,6.74,1.19,1.24,2
6447,13.78,3.27,4.36,1
6448,13.74,2.33,2.66,2
6449,12.56,2.06,4.04,2
6450,8.52,2.57,2.84,2
6451,21.12,3.15,8,1
6452,8.15,4.74,2.89,2
6453,18.17,2.54,2.84,1
6454,7.54,2.96,3.23,1
6455,14.29,3.82,3.47,2
6456,21.69,3.26,5.03,1
6457,14.76,4.5,1.95,1
6458,16.87,2.95,3.58,2
6459,17.92,3.48,3.18,2
6460,5.23,0.61,1.97,2
6461,12.24,3.11,1.29,2
6462,11.53,0.8,3.17,2
6463,10.49,1.07,2.92,2
6464,7.74,2.75,0.77,2
6465,17.24,2.86,4,1
6466,21.08,7.09,13.28,1
6467,17.67,1.68,3.08,2
6468,8.54,2.68,2.96,2
6469,4.26,1.77,0.84,1
6470,5.87,2.76,3.4,1
6471,14.42,0.62,2.36,2
6472,15.29,2.03,4.08,1
6473,6.03,2.45,2.18,1
6474,11.77,5.19,3.44,1
6475,10.71,2.28,2.63,2
6476,10.76,3.56,2.23,2
6477,21.02,3.03,3.95,2
6478,9.06,1.91,3.61,2
6479,12.27,3.31,2.84,1
6480,27.8,4.5,6.22,2
6481,5.27,2.35,2.6,2
6482,7.64,3.87,2.74,1
6483,5.95,2.36,1.75,1
6484,8.33,3.3,1.98,2
6485,24.69,3.44,5.73,2
6486,9.2,2.31,1.61,2
6487,15.12,5.38,4.16,1
6488,18.99,7.37,5.48,1
6489,13.49,3.02,1.72,2
6490,17.04,5.33,9.07,2
6491,17.56,3.47,2.62,1
6492,14.14,1.55,2.58,2
6493,12.09,1.92,3.35,1
6494,3.17,0.38,2.01,1
6495,10.63,0.3,3.53,1
6496,9.12,1.75,1.21,1
6497,9.39,0.89,1.89,1
6498,8.79,0.66,2.28,1
6499,9.52,3.14,3.8,2
6500,26.88,5.09,4.26,2
6501,7.84,3.06,1.99,1
6502,9.41,3.2,5.78,2
6503,13.21,2.02,4.66,1
6504,13.38,1.03,3.05,1
6505,8.14,3.32,4.22,1
6506,7.65,2.75,5.19,1
6507,6.2,1.13,1.31,2
6508,5.24,1.6,0.23,1
6509,8.96,3.08,5.02,2
6510,4.68,2.21,2,1
6511,13.52,2.35,12.66,1
6512,13.77,3.94,3.09,2
6513,9.46,3.02,1.34,2
6514,9.99,0.89,2.58,2
6515,13.5,6.55,4.6,1
6516,7.78,3.9,2.06,2
6517,12.96,2.74,2.84,2
6518,12.67,4.36,14.71,1
6519,6.35,0.76,2.14,1
6520,11.02,4.6,5.63,1
6521,2.94,1.26,2.02,1
6522,13.66,1.21,1.7,1
6523,14.02,4.24,10.91,2
6524,22.78,3.31,11.46,2
6525,25.04,4.95,8.47,1
6526,9.08,1.77,2.43,1
6527,22.2,4.45,5.98,2
6528,6.04,3.87,1.84,2
6529,8.96,0.89,1.72,1
6530,15.27,1.44,3.81,2
6531,16.88,4.39,8.81,2
6532,12.3,3.53,3.73,1
6533,0.71,0.59,2.09,2
6534,3.58,1.06,2.56,1
6535,2.31,1.92,2.11,1
6536,9.17,2.47,2.25,1
6537,10.98,1.44,3.34,1
6538,11.33,1.28,2.42,2
6539,6.46,3.15,2.78,2
6540,20.78,5.04,7.04,2
6541,21.33,3.1,3.49,2
6542,14.44,4.96,2.75,1
6543,7.36,1.93,1.37,1
6544,15.57,9.61,9.34,1
6545,15.94,2.86,4.15,2
6546,26.42,4.71,6.22,2
6547,4.49,0.84,2.52,1
6548,17.99,2.67,3.09,1
6549,21.83,4.2,7.47,1
6550,17.3,6.08,9.36,2
6551,11.23,5.96,14.62,2
6552,23.59,4.7,9.95,2
6553,2.35,4.32,2.25,2
6554,12.14,1.19,2.65,1
6555,9.21,1.4,3.21,1
6556,10.03,4.2,6.07,1
6557,7.95,3.41,2.83,2
6558,14.12,2.81,5.09,1
6559,5.06,3.09,2.32,2
6560,12.71,3.1,4.13,1
6561,28.77,4.53,5.82,2
6562,9.21,3.01,4.02,1
6563,15.95,1.66,3.17,1
6564,23.47,2.01,5.79,2
6565,5.39,2.41,2.08,1
6566,10.97,1.45,2.6,1
6567,7.47,0.95,2.72,1
6568,16.79,3.98,5.58,2
6569,15.56,2.39,1.83,1
6570,7.01,2.01,1.54,1
6571,12.58,6.38,5.26,2
6572,4.64,1.73,0.98,1
6573,14.95,1.55,2.29,1
6574,21.85,2.7,8.71,1
6575,8.86,0.81,3.94,1
6576,11.77,3.06,3.66,1
6577,17.7,2.24,2.48,1
6578,7,2.73,0.85,2
6579,3.75,1.62,1.23,2
6580,13.75,3.91,2.68,1
6581,7.47,1.07,1.62,2
6582,28.16,5.61,6.08,1
6583,12.89,1.37,6.59,2
6584,11.75,1.05,3.77,2
6585,17.53,3.32,4.09,2
6586,7.71,2.29,2.49,2
6587,8.9,1.13,1.67,2
6588,24.26,2.18,5.49,1
6589,5.09,2.65,1.84,2
6590,7.55,3.01,3.24,1
6591,7.67,0.88,3.2,2
6592,7.48,2.62,1.49,2
6593,3.35,3.89,4.21,2
6594,6.58,1.26,2.26,2
6595,13.95,6.21,2.63,1
6596,6.98,3.08,3.44,1
6597,13.16,2.02,2.68,2
6598,21.69,2.94,3.21,2
6599,9.87,3.55,2.2,1
6600,6.08,1.8,1.7,2
6601,25.58,21.13,13.27,1
6602,12.53,2.51,4.96,1
6603,6.86,4.5,4.45,1
6604,6.55,1.44,2.81,2
6605,10.01,5.04,3.51,2
6606,2.12,2.63,0.52,1
6607,15.03,2.47,7.49,1
6608,21.86,4,9.99,2
6609,11.57,2.28,1.63,1
6610,11,1.32,1.46,2
6611,31.7,10.45,8.25,1
6612,15.03,6.01,2.06,1
6613,18.64,3.01,1.51,2
6614,13.03,3.76,4.57,1
6615,13.27,1.2,3.96,1
6616,20.84,2.94,3.06,1
6617,22.99,4.21,7.21,1
6618,8.93,2.37,1.53,1
6619,11.28,0.72,3.8,2
6620,6.88,2.37,1.8,1
6621,9.24,1.12,0.94,2
6622,12.68,1.21,5.22,2
6623,6.27,3.03,1.88,1
6624,12.99,3.57,1.42,1
6625,18.71,4.54,4.26,2
6626,28.77,16.6,19.12,2
6627,17.97,3.18,13.14,1
6628,5.52,1.04,0.66,2
6629,9.15,2.94,3.77,1
6630,15.99,3.15,2.43,1
6631,2.32,2.45,0.3,2
6632,3.59,0.82,1.12,1
6633,3.53,2.63,2.31,1
6634,14.75,2.23,3.37,2
6635,18.38,7.8,7.98,1
6636,6.34,1.28,3.57,2
6637,18.09,2.91,4.84,2
6638,8.3,1.19,2.72,2
6639,22.97,6.52,5.54,2
6640,15.7,3.17,4.65,2
6641,13.17,4.12,3.64,1
6642,10.48,2.23,0.73,2
6643,4.91,3.18,1.23,2
6644,17.06,9.67,27.92,1
6645,14.36,6.31,6.1,1
6646,21.5,3.47,4.14,1
6647,6.42,1.39,0.7,2
6648,12.91,1.18,3.67,1
6649,4.57,0.86,0.63,2
6650,6.8,2.06,2.34,2
6651,4.72,2.21,0.71,1
6652,23.52,3.64,3.99,1
6653,1.7,2.02,1.52,2
6654,10.73,3.24,4.84,2
6655,15.88,7.2,4.9,1
6656,19.48,1.47,9.51,1
6657,24.06,2.7,4,2
6658,20.86,2.92,2.47,1
6659,26.41,4.95,9.91,2
6660,7.92,3.5,2.3,1
6661,3.47,1.89,1.88,2
6662,1.24,3.41,0.38,2
6663,20,2.16,3.83,1
6664,11.24,0.99,3.83,2
6665,17.43,4.53,1.08,2
6666,4.22,1.04,1.91,1
6667,10.6,1.02,2.47,2
6668,2.77,1.29,0.73,2
6669,14.93,7.94,3.23,1
6670,4.34,2.21,2.31,1
6671,11.54,4.58,4.31,2
6672,12.97,1.44,3.56,1
6673,7.03,1.71,0.84,2
6674,45.09,17.46,15.5,2
6675,5.14,1.36,1.37,1
6676,4.08,1.05,1.85,1
6677,10.75,1.83,3.14,1
6678,7.8,3.04,1.62,1
6679,9.08,2.07,3.37,2
6680,5.71,1.97,2.29,1
6681,8.82,4.28,2.32,2
6682,33.22,6.86,10.34,1
6683,17.94,5.02,4.97,2
6684,5.05,2.11,1.75,1
6685,9.62,1.67,5.6,1
6686,21.46,2.01,5.25,1
6687,7.06,3.01,1.28,2
6688,7.94,1.69,3.8,1
6689,6.47,1.13,2.68,1
6690,10.08,2.92,2.83,2
6691,5.51,0.82,2.9,1
6692,7.93,2.63,2.2,2
6693,6.11,2.73,2.44,1
6694,20.37,8.57,7.39,2
6695,20.78,5.08,9.15,1
6696,14.57,3.12,4.62,2
6697,20.17,1.27,3.67,1
6698,10.29,2.55,2.43,1
6699,10.64,1.88,2.67,2
6700,13.73,2.47,1.28,2
6701,9.48,2.77,2.57,1
6702,1.79,3.06,1.78,1
6703,9.14,2.69,2.23,2
6704,33.01,6.85,16.91,2
6705,19.76,2.72,3.83,2
6706,14.03,2.86,6.29,1
6707,10.36,4.63,1.08,1
6708,8.2,0.54,4.33,2
6709,5.81,1.43,2.11,1
6710,7.62,1.94,2.97,2
6711,3.76,3.18,3.05,1
6712,12.55,1.78,11.02,2
6713,6.88,2.46,2.04,1
6714,15.07,2.32,2.77,2
6715,22.96,2.48,5.63,2
6716,10.55,2.23,4.7,1
6717,8.45,0.93,1.12,1
6718,5.54,0.08,2.37,2
6719,26.2,5.85,8.6,2
6720,34.37,3.48,12.91,1
6721,18.82,2.84,2.08,1
6722,5.2,0.53,4.63,2
6723,11.32,1.08,1.49,2
6724,5.53,0.89,1.88,2
6725,20.21,3.75,5.72,2
6726,4.28,0.51,0.76,1
6727,2.67,0.31,1.21,2
6728,1.2,2.12,0.49,2
6729,8.9,1.72,2.42,1
6730,25.31,8.19,10.43,1
6731,27.26,10.12,10.83,1
6732,7.61,0.92,0.98,2
6733,11.37,0.96,4.94,2
6734,17.31,3.86,3.54,1
6735,22.48,7.01,6.29,1
6736,9.99,2.7,1.77,2
6737,1.71,2.04,0.66,1
6738,11.18,5.8,7.73,2
6739,5.93,1.11,1.27,1
6740,6.16,2.3,1.84,2
6741,17.95,6.39,10.98,1
6742,13.73,3.33,2.5,1
6743,20.82,4.05,11.24,1
6744,29.28,5.58,4.65,2
6745,9.05,16.89,13.66,2
6746,18.01,6.59,5.08,1
6747,7.36,1.48,2.67,2
6748,13.32,4.08,1.5,1
6749,16.48,3.13,4.13,2
6750,19.36,3.11,2.58,2
6751,5.17,4.52,6.06,2
6752,15.38,0.72,3.09,2
6753,15.98,2.88,2.76,1
6754,9.44,1.79,2.72,1
6755,17.85,4.54,3.16,2
6756,13.33,0.87,3.11,2
6757,7.44,1.21,10.81,1
6758,17.88,2.32,2.23,2
6759,15.38,2.85,3.7,2
6760,4.67,0.9,1.72,2
6761,6.68,3.08,2.41,2
6762,15.22,3.02,3.12,2
6763,6.57,0.59,0.65,1
6764,10.79,2.28,2.98,1
6765,23.65,4.51,5.11,1
6766,26.03,3.12,4.51,2
6767,18.95,15.96,24.68,2
6768,5.82,3.17,2.67,2
6769,22.75,2.94,10.14,2
6770,6.88,1.85,2.24,1
6771,22.61,2.66,3.26,1
6772,8.29,2.79,2.41,2
6773,9.89,0.52,3.66,2
6774,7.2,0.28,1.42,1
6775,2.51,1.97,1.37,2
6776,12.19,1.63,6.11,1
6777,20.42,3.02,2.88,2
6778,13.4,1.07,3.7,1
6779,12.29,2.78,19.02,1
6780,18.04,4.88,5.04,2
6781,6.93,1.72,2.54,1
6782,11.47,3.57,3.56,1
6783,11.61,3.78,2.61,1
6784,9.03,2.01,1.13,2
6785,13.65,4.25,6.86,1
6786,6.27,0.66,2.81,1
6787,7.82,2.56,1.23,1
6788,24.29,8.13,6.63,2
6789,15.2,2.86,2.57,2
6790,5.84,1.22,2,1
6791,5.45,1.55,1.4,2
6792,28.39,3.92,21.76,2
6793,37.6,3.12,7.12,2
6794,19.28,8.65,5.09,1
6795,21.33,3.88,3.44,2
6796,12.07,1.67,1.22,1
6797,8.77,4.96,4.89,1
6798,13.35,2.29,11.32,1
6799,23.8,1.66,4.55,2
6800,22.05,6.89,4,2
6801,11.92,0.8,2.13,2
6802,21.69,2.8,6.31,2
6803,7.96,5.28,12.99,2
6804,15.36,2.14,3.08,2
6805,23.6,1.3,3.99,2
6806,24.61,4.18,6.21,2
6807,4.95,3.15,3.91,2
6808,7.82,1.09,2.05,1
6809,16.64,0.71,2.03,2
6810,8.84,2,5.49,2
6811,20.51,2.82,4.34,2
6812,9.41,3.97,4.09,2
6813,8.91,2.34,1.21,1
6814,12.16,1.36,1.93,2
6815,10.64,2.07,3.74,1
6816,17.83,1.91,7.19,1
6817,17.36,6.48,6.86,1
6818,5.19,2.66,0.93,2
6819,4.35,3,1.59,1
6820,1.96,0.98,2.33,1
6821,16.01,2.74,4.43,2
6822,8.96,1.64,2.27,1
6823,7.74,0.87,1.77,2
6824,4.58,3.02,1.12,1
6825,6.75,2.69,2.25,2
6826,5.67,2.04,1.36,2
6827,8.01,2.14,5.09,1
6828,12.53,2.69,3.55,2
6829,11.3,5.29,16.68,2
6830,26.03,2.16,4.49,2
6831,14.13,3.46,3.34,1
6832,15.93,4.97,2.33,1
6833,18.96,2.77,3.47,2
6834,12.68,1.2,2.81,1
6835,12.25,2.77,3.41,1
6836,15.42,4.23,6.1,1
6837,4.26,3.1,1.22,1
6838,17.35,3.93,6.04,2
6839,11.44,2.11,5.51,2
6840,18.8,3.47,3.12,2
6841,9.89,2.95,2.34,1
6842,8.32,0.54,2.14,1
6843,21.42,3.13,12.1,1
6844,30.44,1.14,5.62,2
6845,6.2,1.3,1.36,2
6846,9.04,1.27,3.39,1
6847,15.38,2.98,7.14,2
6848,21.87,5.01,20.19,2
6849,24.69,1.16,5.23,1
6850,26.67,5.69,17.9,2
6851,5.03,1.82,2.03,1
6852,12.18,1.83,2.69,2
6853,20.04,6.42,6.77,2
6854,11.23,1.07,3.91,2
6855,6.53,3.95,1.93,1
6856,11.55,0.53,1.6,1
6857,3.66,2.72,1.02,2
6858,12.16,7.48,11.56,2
6859,4.47,1.55,1.17,1
6860,14.76,7.39,4.8,1
6861,4.25,0.27,1.75,1
6862,7.99,2.26,1.04,1
6863,7.03,3.62,5.58,2
6864,4.86,2.06,2.18,1
6865,15.96,9.11,5.43,2
6866,17.45,6.68,6.51,2
6867,9.96,3.71,4.33,1
6868,8.13,1.68,2.25,1
6869,22.52,3.36,5.72,1
6870,10.34,4.39,7.73,2
6871,15.97,3.77,2.5,1
6872,5.42,2.51,0.95,1
6873,17.31,2,13.17,1
6874,14.68,2.57,2.96,2
6875,27.82,8.11,2.23,1
6876,15.27,1.75,2.46,2
6877,9.81,3.35,0.49,2
6878,9.12,2.52,7.21,2
6879,13.29,2.68,3.78,2
6880,16.61,0.33,3.88,2
6881,5.05,2.56,0.98,1
6882,5.51,0.88,2.32,1
6883,14.63,3.62,2.8,1
6884,39.49,8.21,11.51,2
6885,35.76,5.43,4.29,2
6886,7.02,0.8,2.82,2
6887,7.33,0.93,3.51,1
6888,15.18,5.08,7.06,1
6889,5.56,3.81,1.79,1
6890,6.81,0.84,1.96,2
6891,14.89,5.9,2.53,1
6892,12.67,0.78,1.77,2
6893,18.81,1.81,4.93,1
6894,15.76,1.13,3.74,1
6895,18.59,2.79,0.95,1
6896,6.64,0.65,4.01,1
6897,8.82,1.63,4.47,1
6898,15.86,4.53,1.7,1
6899,12.41,2.27,2.17,1
6900,25.74,7.8,5.83,1
6901,8.92,3.43,2.03,1
6902,16.11,6.99,5.03,2
6903,10.37,5.08,3.47,2
6904,6.51,2.28,2.57,1
6905,29.94,5.1,6.33,2
6906,10.95,4.4,9.29,1
6907,28.04,4.28,3.41,1
6908,9.06,2.17,1.29,1
6909,6.29,1.88,2.95,1
6910,4.34,1.22,1.57,1
6911,20.56,3.86,4.58,2
6912,16.34,4.39,4.19,1
6913,20.42,1.92,9.15,2
6914,5.19,2.87,3.49,1
6915,14.58,3.36,4.4,2
6916,5.53,1.36,3.12,2
6917,6.89,2.2,3.1,2
6918,9.57,2.3,0.72,2
6919,13.12,2.73,3.09,2
6920,20.07,4.96,6.35,1
6921,10.91,0.7,2.04,2
6922,6.03,2.63,1.54,2
6923,11.1,6.09,8.38,1
6924,11.52,2.02,2.67,2
6925,9.68,3.36,1.68,1
6926,5.11,3.31,5.42,2
6927,15.49,5.49,2.36,2
6928,10.65,2.22,1.24,2
6929,24.67,1.43,4.87,1
6930,23.07,2.66,3.14,2
6931,9.62,3.73,3.02,1
6932,14.81,6.21,9.02,2
6933,26.89,16,18.01,2
6934,10.24,1.9,1.05,2
6935,6.65,0.92,4.91,2
6936,16.46,5.22,8.09,1
6937,17.37,2.65,2.02,2
6938,34.52,5.32,11.56,1
6939,8.63,2.04,1.37,2
6940,12.17,2.89,2.72,1
6941,8.12,1.46,1.19,1
6942,8.67,2.17,2.87,2
6943,14.18,3.05,1.4,2
6944,3.03,3.1,2.19,2
6945,14.06,5.81,5.39,1
6946,7.21,3.78,2.18,2
6947,10.98,1.54,3.18,2
6948,6.45,2.76,2.73,1
6949,5.85,2.95,1.4,1
6950,21.85,2.22,4.53,2
6951,9.87,2.38,2.23,1
6952,14.38,3.88,1.38,2
6953,10.8,2.65,3.81,2
6954,11.51,2.84,3.32,2
6955,33.12,1.3,10.56,1
6956,4.78,2.02,1.8,1
6957,9.32,1.6,2.24,1
6958,14.72,1.18,6.56,2
6959,15.25,2.73,3.1,2
6960,16.85,3.72,7.5,2
6961,10.98,1.28,2.89,1
6962,1.4,3.04,0.83,1
6963,7.09,1.45,1.39,1
6964,10.29,2.67,1.91,1
6965,13.12,6.96,2.91,1
6966,7.71,5.47,3.01,1
6967,16.67,5.54,11.96,2
6968,5.25,2.86,2.03,1
6969,8.79,0.58,2.43,2
6970,13.23,2.98,5.86,1
6971,6.36,1.63,1.22,2
6972,16.07,3.57,2.78,2
6973,4.82,2.7,1.61,2
6974,11.69,3.7,2.82,1
6975,6.63,0.5,1.27,1
6976,11.37,3.58,5.27,1
6977,13.55,1.64,5.39,1
6978,3.35,1.41,0.92,1
6979,11.22,0.62,4.68,1
6980,5.23,0.22,2.2,2
6981,30.14,2.75,7.75,2
6982,11.93,3.08,1.57,2
6983,12.14,0.9,4.23,2
6984,6.69,1.45,0.98,2
6985,13.66,2.64,5.51,1
6986,18.94,3.89,4.71,1
6987,7.91,2.28,1.15,1
6988,13.57,4.38,1.03,2
6989,15.15,4.02,6.6,2
6990,12.57,2.57,2.31,2